Written by class gov.usgs.trinli.ft.point.writer.PrmsWriter
////////////////////////////////////////////////////////////
// Station metadata (listed in the same order as the data):
// ID Type Latitude Longitude Elevation
// 5389000          runoff  43.1119     -91.2651        661.87
// 9999999          runoff  43.0870     -91.1810        610.23
////////////////////////////////////////////////////////////
// Unit: runoff = ft3 per "sec " elevation = feet
////////////////////////////////////////////////////////////
runoff 2
########################################
2004 9 21 0 0 0 134 147
2004 9 22 0 0 0 98 107
2004 9 23 0 0 0 98 107
2004 9 24 0 0 0 97 106
2004 9 25 0 0 0 103 113
2004 9 26 0 0 0 103 113
2004 9 27 0 0 0 102 112
2004 9 28 0 0 0 62 68
2004 9 29 0 0 0 61 67
2004 9 30 0 0 0 61 67
2004 10 1 0 0 0 65 71
2004 10 2 0 0 0 69 76
2004 10 3 0 0 0 65 71
2004 10 4 0 0 0 63 69
2004 10 5 0 0 0 62 68
2004 10 6 0 0 0 62 68
2004 10 7 0 0 0 62 68
2004 10 8 0 0 0 65 71
2004 10 9 0 0 0 64 70
2004 10 10 0 0 0 62 68
2004 10 11 0 0 0 62 68
2004 10 12 0 0 0 62 68
2004 10 13 0 0 0 63 69
2004 10 14 0 0 0 61 67
2004 10 15 0 0 0 63 69
2004 10 16 0 0 0 62 68
2004 10 17 0 0 0 61 67
2004 10 18 0 0 0 61 67
2004 10 19 0 0 0 61 67
2004 10 20 0 0 0 60 66
2004 10 21 0 0 0 61 67
2004 10 22 0 0 0 62 68
2004 10 23 0 0 0 64 70
2004 10 24 0 0 0 62 68
2004 10 25 0 0 0 61 67
2004 10 26 0 0 0 63 69
2004 10 27 0 0 0 67 73
2004 10 28 0 0 0 63 69
2004 10 29 0 0 0 64 70
2004 10 30 0 0 0 65 71
2004 10 31 0 0 0 62 68
2004 11 1 0 0 0 62 68
2004 11 2 0 0 0 64 70
2004 11 3 0 0 0 62 68
2004 11 4 0 0 0 61 67
2004 11 5 0 0 0 59 65
2004 11 6 0 0 0 58 64
2004 11 7 0 0 0 56 61
2004 11 8 0 0 0 55 60
2004 11 9 0 0 0 54 59
2004 11 10 0 0 0 54 59
2004 11 11 0 0 0 54 59
2004 11 12 0 0 0 53 58
2004 11 13 0 0 0 52 57
2004 11 14 0 0 0 52 57
2004 11 15 0 0 0 52 57
2004 11 16 0 0 0 52 57
2004 11 17 0 0 0 54 59
2004 11 18 0 0 0 54 59
2004 11 19 0 0 0 56 61
2004 11 20 0 0 0 57 62
2004 11 21 0 0 0 55 60
2004 11 22 0 0 0 54 59
2004 11 23 0 0 0 54 59
2004 11 24 0 0 0 53 58
2004 11 25 0 0 0 52 57
2004 11 26 0 0 0 52 57
2004 11 27 0 0 0 56 61
2004 11 28 0 0 0 55 60
2004 11 29 0 0 0 54 59
2004 11 30 0 0 0 53 58
2004 12 1 0 0 0 52 57
2004 12 2 0 0 0 52 57
2004 12 3 0 0 0 51 56
2004 12 4 0 0 0 52 57
2004 12 5 0 0 0 51 56
2004 12 6 0 0 0 55 60
2004 12 7 0 0 0 55 60
2004 12 8 0 0 0 54 59
2004 12 9 0 0 0 54 59
2004 12 10 0 0 0 55 60
2004 12 11 0 0 0 54 59
2004 12 12 0 0 0 53 58
2004 12 13 0 0 0 51 56
2004 12 14 0 0 0 42 46
2004 12 15 0 0 0 50 55
2004 12 16 0 0 0 46 50
2004 12 17 0 0 0 46 50
2004 12 18 0 0 0 46 50
2004 12 19 0 0 0 32 35
2004 12 20 0 0 0 42 46
2004 12 21 0 0 0 44 48
2004 12 22 0 0 0 42 46
2004 12 23 0 0 0 42 46
2004 12 24 0 0 0 42 46
2004 12 25 0 0 0 41 45
2004 12 26 0 0 0 43 47
2004 12 27 0 0 0 42 46
2004 12 28 0 0 0 43 47
2004 12 29 0 0 0 43 47
2004 12 30 0 0 0 46 50
2004 12 31 0 0 0 47 51
2005 1 1 0 0 0 47 51
2005 1 2 0 0 0 50 55
2005 1 3 0 0 0 49 54
2005 1 4 0 0 0 49 54
2005 1 5 0 0 0 45 49
2005 1 6 0 0 0 44 48
2005 1 7 0 0 0 47 51
2005 1 8 0 0 0 48 53
2005 1 9 0 0 0 46 50
2005 1 10 0 0 0 44 48
2005 1 11 0 0 0 43 47
2005 1 12 0 0 0 44 48
2005 1 13 0 0 0 42 46
2005 1 14 0 0 0 23 25
2005 1 15 0 0 0 23 25
2005 1 16 0 0 0 22 24
2005 1 17 0 0 0 22 24
2005 1 18 0 0 0 21 23
2005 1 19 0 0 0 21 23
2005 1 20 0 0 0 21 23
2005 1 21 0 0 0 22 24
2005 1 22 0 0 0 30 33
2005 1 23 0 0 0 30 33
2005 1 24 0 0 0 33 36
2005 1 25 0 0 0 33 36
2005 1 26 0 0 0 33 36
2005 1 27 0 0 0 32 35
2005 1 28 0 0 0 34 37
2005 1 29 0 0 0 34 37
2005 1 30 0 0 0 33 36
2005 1 31 0 0 0 35 38
2005 2 1 0 0 0 35 38
2005 2 2 0 0 0 35 38
2005 2 3 0 0 0 35 38
2005 2 4 0 0 0 38 42
2005 2 5 0 0 0 40 44
2005 2 6 0 0 0 366 401
2005 2 7 0 0 0 1120 1226
2005 2 8 0 0 0 268 293
2005 2 9 0 0 0 166 182
2005 2 10 0 0 0 122 134
2005 2 11 0 0 0 107 117
2005 2 12 0 0 0 98 107
2005 2 13 0 0 0 292 320
2005 2 14 0 0 0 1400 1533
2005 2 15 0 0 0 760 832
2005 2 16 0 0 0 284 311
2005 2 17 0 0 0 172 188
2005 2 18 0 0 0 134 147
2005 2 19 0 0 0 119 130
2005 2 20 0 0 0 111 122
2005 2 21 0 0 0 102 112
2005 2 22 0 0 0 95 104
2005 2 23 0 0 0 89 97
2005 2 24 0 0 0 86 94
2005 2 25 0 0 0 84 92
2005 2 26 0 0 0 90 99
2005 2 27 0 0 0 90 99
2005 2 28 0 0 0 84 92
2005 3 1 0 0 0 76 83
2005 3 2 0 0 0 71 78
2005 3 3 0 0 0 68 74
2005 3 4 0 0 0 68 74
2005 3 5 0 0 0 162 177
2005 3 6 0 0 0 442 484
2005 3 7 0 0 0 636 696
2005 3 8 0 0 0 216 237
2005 3 9 0 0 0 139 152
2005 3 10 0 0 0 120 131
2005 3 11 0 0 0 111 122
2005 3 12 0 0 0 100 110
2005 3 13 0 0 0 88 96
2005 3 14 0 0 0 84 92
2005 3 15 0 0 0 78 85
2005 3 16 0 0 0 75 82
2005 3 17 0 0 0 77 84
2005 3 18 0 0 0 77 84
2005 3 19 0 0 0 73 80
2005 3 20 0 0 0 69 76
2005 3 21 0 0 0 91 100
2005 3 22 0 0 0 174 191
2005 3 23 0 0 0 152 166
2005 3 24 0 0 0 136 149
2005 3 25 0 0 0 102 112
2005 3 26 0 0 0 98 107
2005 3 27 0 0 0 94 103
2005 3 28 0 0 0 96 105
2005 3 29 0 0 0 94 103
2005 3 30 0 0 0 94 103
2005 3 31 0 0 0 95 104
2005 4 1 0 0 0 91 100
2005 4 2 0 0 0 86 94
2005 4 3 0 0 0 81 89
2005 4 4 0 0 0 78 85
2005 4 5 0 0 0 77 84
2005 4 6 0 0 0 75 82
2005 4 7 0 0 0 72 79
2005 4 8 0 0 0 69 76
2005 4 9 0 0 0 67 73
2005 4 10 0 0 0 67 73
2005 4 11 0 0 0 67 73
2005 4 12 0 0 0 78 85
2005 4 13 0 0 0 84 92
2005 4 14 0 0 0 77 84
2005 4 15 0 0 0 73 80
2005 4 16 0 0 0 71 78
2005 4 17 0 0 0 72 79
2005 4 18 0 0 0 71 78
2005 4 19 0 0 0 72 79
2005 4 20 0 0 0 77 84
2005 4 21 0 0 0 81 89
2005 4 22 0 0 0 78 85
2005 4 23 0 0 0 76 83
2005 4 24 0 0 0 73 80
2005 4 25 0 0 0 73 80
2005 4 26 0 0 0 73 80
2005 4 27 0 0 0 70 77
2005 4 28 0 0 0 67 73
2005 4 29 0 0 0 64 70
2005 4 30 0 0 0 62 68
2005 5 1 0 0 0 61 67
2005 5 2 0 0 0 60 66
2005 5 3 0 0 0 60 66
2005 5 4 0 0 0 58 64
2005 5 5 0 0 0 55 60
2005 5 6 0 0 0 56 61
2005 5 7 0 0 0 56 61
2005 5 8 0 0 0 55 60
2005 5 9 0 0 0 55 60
2005 5 10 0 0 0 53 58
2005 5 11 0 0 0 57 62
2005 5 12 0 0 0 59 65
2005 5 13 0 0 0 63 69
2005 5 14 0 0 0 70 77
2005 5 15 0 0 0 66 72
2005 5 16 0 0 0 62 68
2005 5 17 0 0 0 60 66
2005 5 18 0 0 0 60 66
2005 5 19 0 0 0 64 70
2005 5 20 0 0 0 65 71
2005 5 21 0 0 0 60 66
2005 5 22 0 0 0 59 65
2005 5 23 0 0 0 58 64
2005 5 24 0 0 0 57 62
2005 5 25 0 0 0 55 60
2005 5 26 0 0 0 54 59
2005 5 27 0 0 0 54 59
2005 5 28 0 0 0 55 60
2005 5 29 0 0 0 56 61
2005 5 30 0 0 0 56 61
2005 5 31 0 0 0 55 60
2005 6 1 0 0 0 54 59
2005 6 2 0 0 0 54 59
2005 6 3 0 0 0 54 59
2005 6 4 0 0 0 56 61
2005 6 5 0 0 0 58 64
2005 6 6 0 0 0 53 58
2005 6 7 0 0 0 51 56
2005 6 8 0 0 0 51 56
2005 6 9 0 0 0 51 56
2005 6 10 0 0 0 52 57
2005 6 11 0 0 0 52 57
2005 6 12 0 0 0 54 59
2005 6 13 0 0 0 55 60
2005 6 14 0 0 0 54 59
2005 6 15 0 0 0 52 57
2005 6 16 0 0 0 51 56
2005 6 17 0 0 0 50 55
2005 6 18 0 0 0 49 54
2005 6 19 0 0 0 50 55
2005 6 20 0 0 0 48 53
2005 6 21 0 0 0 48 53
2005 6 22 0 0 0 47 51
2005 6 23 0 0 0 47 51
2005 6 24 0 0 0 47 51
2005 6 25 0 0 0 61 67
2005 6 26 0 0 0 80 88
2005 6 27 0 0 0 106 116
2005 6 28 0 0 0 88 96
2005 6 29 0 0 0 81 89
2005 6 30 0 0 0 83 91
2005 7 1 0 0 0 83 91
2005 7 2 0 0 0 75 82
2005 7 3 0 0 0 73 80
2005 7 4 0 0 0 73 80
2005 7 5 0 0 0 71 78
2005 7 6 0 0 0 68 74
2005 7 7 0 0 0 66 72
2005 7 8 0 0 0 64 70
2005 7 9 0 0 0 61 67
2005 7 10 0 0 0 60 66
2005 7 11 0 0 0 58 64
2005 7 12 0 0 0 58 64
2005 7 13 0 0 0 57 62
2005 7 14 0 0 0 57 62
2005 7 15 0 0 0 57 62
2005 7 16 0 0 0 56 61
2005 7 17 0 0 0 55 60
2005 7 18 0 0 0 54 59
2005 7 19 0 0 0 52 57
2005 7 20 0 0 0 54 59
2005 7 21 0 0 0 67 73
2005 7 22 0 0 0 96 105
2005 7 23 0 0 0 74 81
2005 7 24 0 0 0 65 71
2005 7 25 0 0 0 179 196
2005 7 26 0 0 0 242 265
2005 7 27 0 0 0 155 170
2005 7 28 0 0 0 112 123
2005 7 29 0 0 0 98 107
2005 7 30 0 0 0 89 97
2005 7 31 0 0 0 84 92
2005 8 1 0 0 0 79 87
2005 8 2 0 0 0 76 83
2005 8 3 0 0 0 73 80
2005 8 4 0 0 0 78 85
2005 8 5 0 0 0 72 79
2005 8 6 0 0 0 70 77
2005 8 7 0 0 0 69 76
2005 8 8 0 0 0 68 74
2005 8 9 0 0 0 67 73
2005 8 10 0 0 0 66 72
2005 8 11 0 0 0 69 76
2005 8 12 0 0 0 115 126
2005 8 13 0 0 0 98 107
2005 8 14 0 0 0 77 84
2005 8 15 0 0 0 70 77
2005 8 16 0 0 0 66 72
2005 8 17 0 0 0 64 70
2005 8 18 0 0 0 197 216
2005 8 19 0 0 0 296 324
2005 8 20 0 0 0 161 176
2005 8 21 0 0 0 125 137
2005 8 22 0 0 0 106 116
2005 8 23 0 0 0 95 104
2005 8 24 0 0 0 88 96
2005 8 25 0 0 0 84 92
2005 8 26 0 0 0 82 90
2005 8 27 0 0 0 83 91
2005 8 28 0 0 0 79 87
2005 8 29 0 0 0 75 82
2005 8 30 0 0 0 71 78
2005 8 31 0 0 0 71 78
2005 9 1 0 0 0 69 76
2005 9 2 0 0 0 66 72
2005 9 3 0 0 0 65 71
2005 9 4 0 0 0 68 74
2005 9 5 0 0 0 66 72
2005 9 6 0 0 0 64 70
2005 9 7 0 0 0 62 68
2005 9 8 0 0 0 63 69
2005 9 9 0 0 0 64 70
2005 9 10 0 0 0 62 68
2005 9 11 0 0 0 59 65
2005 9 12 0 0 0 57 62
2005 9 13 0 0 0 59 65
2005 9 14 0 0 0 58 64
2005 9 15 0 0 0 57 62
2005 9 16 0 0 0 56 61
2005 9 17 0 0 0 55 60
2005 9 18 0 0 0 56 61
2005 9 19 0 0 0 74 81
2005 9 20 0 0 0 93 102
2005 9 21 0 0 0 69 76
2005 9 22 0 0 0 63 69
2005 9 23 0 0 0 61 67
2005 9 24 0 0 0 61 67
2005 9 25 0 0 0 63 69
2005 9 26 0 0 0 102 112
2005 9 27 0 0 0 88 96
2005 9 28 0 0 0 78 85
2005 9 29 0 0 0 76 83
2005 9 30 0 0 0 73 80
2005 10 1 0 0 0 70 77
2005 10 2 0 0 0 67 73
2005 10 3 0 0 0 65 71
2005 10 4 0 0 0 63 69
2005 10 5 0 0 0 64 70
2005 10 6 0 0 0 65 71
2005 10 7 0 0 0 62 68
2005 10 8 0 0 0 60 66
2005 10 9 0 0 0 60 66
2005 10 10 0 0 0 59 65
2005 10 11 0 0 0 58 64
2005 10 12 0 0 0 58 64
2005 10 13 0 0 0 58 64
2005 10 14 0 0 0 58 64
2005 10 15 0 0 0 55 60
2005 10 16 0 0 0 52 57
2005 10 17 0 0 0 53 58
2005 10 18 0 0 0 53 58
2005 10 19 0 0 0 52 57
2005 10 20 0 0 0 51 56
2005 10 21 0 0 0 51 56
2005 10 22 0 0 0 49 54
2005 10 23 0 0 0 50 55
2005 10 24 0 0 0 49 54
2005 10 25 0 0 0 48 53
2005 10 26 0 0 0 48 53
2005 10 27 0 0 0 47 51
2005 10 28 0 0 0 47 51
2005 10 29 0 0 0 45 49
2005 10 30 0 0 0 46 50
2005 10 31 0 0 0 46 50
2005 11 1 0 0 0 45 49
2005 11 2 0 0 0 44 48
2005 11 3 0 0 0 45 49
2005 11 4 0 0 0 45 49
2005 11 5 0 0 0 44 48
2005 11 6 0 0 0 46 50
2005 11 7 0 0 0 44 48
2005 11 8 0 0 0 43 47
2005 11 9 0 0 0 44 48
2005 11 10 0 0 0 42 46
2005 11 11 0 0 0 42 46
2005 11 12 0 0 0 43 47
2005 11 13 0 0 0 44 48
2005 11 14 0 0 0 43 47
2005 11 15 0 0 0 46 50
2005 11 16 0 0 0 50 55
2005 11 17 0 0 0 45 49
2005 11 18 0 0 0 43 47
2005 11 19 0 0 0 42 46
2005 11 20 0 0 0 42 46
2005 11 21 0 0 0 41 45
2005 11 22 0 0 0 42 46
2005 11 23 0 0 0 42 46
2005 11 24 0 0 0 41 45
2005 11 25 0 0 0 38 42
2005 11 26 0 0 0 39 43
2005 11 27 0 0 0 38 42
2005 11 28 0 0 0 47 51
2005 11 29 0 0 0 56 61
2005 11 30 0 0 0 54 59
2005 12 1 0 0 0 50 55
2005 12 2 0 0 0 41 45
2005 12 3 0 0 0 35 38
2005 12 4 0 0 0 30 33
2005 12 5 0 0 0 25 27
2005 12 6 0 0 0 28 31
2005 12 7 0 0 0 28 31
2005 12 8 0 0 0 29 32
2005 12 9 0 0 0 30 33
2005 12 10 0 0 0 31 34
2005 12 11 0 0 0 33 36
2005 12 12 0 0 0 32 35
2005 12 13 0 0 0 33 36
2005 12 14 0 0 0 34 37
2005 12 15 0 0 0 37 41
2005 12 16 0 0 0 37 41
2005 12 17 0 0 0 34 37
2005 12 18 0 0 0 35 38
2005 12 19 0 0 0 38 42
2005 12 20 0 0 0 39 43
2005 12 21 0 0 0 38 42
2005 12 22 0 0 0 38 42
2005 12 23 0 0 0 40 44
2005 12 24 0 0 0 41 45
2005 12 25 0 0 0 41 45
2005 12 26 0 0 0 40 44
2005 12 27 0 0 0 40 44
2005 12 28 0 0 0 40 44
2005 12 29 0 0 0 39 43
2005 12 30 0 0 0 39 43
2005 12 31 0 0 0 39 43
2006 1 1 0 0 0 39 43
2006 1 2 0 0 0 48 53
2006 1 3 0 0 0 61 67
2006 1 4 0 0 0 91 100
2006 1 5 0 0 0 107 117
2006 1 6 0 0 0 106 116
2006 1 7 0 0 0 105 115
2006 1 8 0 0 0 103 113
2006 1 9 0 0 0 97 106
2006 1 10 0 0 0 88 96
2006 1 11 0 0 0 89 97
2006 1 12 0 0 0 89 97
2006 1 13 0 0 0 87 95
2006 1 14 0 0 0 82 90
2006 1 15 0 0 0 80 88
2006 1 16 0 0 0 81 89
2006 1 17 0 0 0 79 87
2006 1 18 0 0 0 74 81
2006 1 19 0 0 0 74 81
2006 1 20 0 0 0 73 80
2006 1 21 0 0 0 70 77
2006 1 22 0 0 0 69 76
2006 1 23 0 0 0 68 74
2006 1 24 0 0 0 69 76
2006 1 25 0 0 0 68 74
2006 1 26 0 0 0 65 71
2006 1 27 0 0 0 67 73
2006 1 28 0 0 0 69 76
2006 1 29 0 0 0 74 81
2006 1 30 0 0 0 76 83
2006 1 31 0 0 0 72 79
2006 2 1 0 0 0 71 78
2006 2 2 0 0 0 70 77
2006 2 3 0 0 0 69 76
2006 2 4 0 0 0 67 73
2006 2 5 0 0 0 62 68
2006 2 6 0 0 0 63 69
2006 2 7 0 0 0 70 77
2006 2 8 0 0 0 56 61
2006 2 9 0 0 0 43 47
2006 2 10 0 0 0 46 50
2006 2 11 0 0 0 47 51
2006 2 12 0 0 0 47 51
2006 2 13 0 0 0 43 47
2006 2 14 0 0 0 42 46
2006 2 15 0 0 0 42 46
2006 2 16 0 0 0 42 46
2006 2 17 0 0 0 39 43
2006 2 18 0 0 0 37 41
2006 2 19 0 0 0 38 42
2006 2 20 0 0 0 40 44
2006 2 21 0 0 0 42 46
2006 2 22 0 0 0 50 55
2006 2 23 0 0 0 53 58
2006 2 24 0 0 0 56 61
2006 2 25 0 0 0 56 61
2006 2 26 0 0 0 51 56
2006 2 27 0 0 0 48 53
2006 2 28 0 0 0 47 51
2006 3 1 0 0 0 46 50
2006 3 2 0 0 0 46 50
2006 3 3 0 0 0 45 49
2006 3 4 0 0 0 44 48
2006 3 5 0 0 0 48 53
2006 3 6 0 0 0 48 53
2006 3 7 0 0 0 46 50
2006 3 8 0 0 0 50 55
2006 3 9 0 0 0 290 318
2006 3 10 0 0 0 276 302
2006 3 11 0 0 0 125 137
2006 3 12 0 0 0 100 110
2006 3 13 0 0 0 102 112
2006 3 14 0 0 0 110 120
2006 3 15 0 0 0 89 97
2006 3 16 0 0 0 87 95
2006 3 17 0 0 0 82 90
2006 3 18 0 0 0 76 83
2006 3 19 0 0 0 72 79
2006 3 20 0 0 0 72 79
2006 3 21 0 0 0 75 82
2006 3 22 0 0 0 74 81
2006 3 23 0 0 0 73 80
2006 3 24 0 0 0 72 79
2006 3 25 0 0 0 71 78
2006 3 26 0 0 0 70 77
2006 3 27 0 0 0 70 77
2006 3 28 0 0 0 74 81
2006 3 29 0 0 0 76 83
2006 3 30 0 0 0 79 87
2006 3 31 0 0 0 271 297
2006 4 1 0 0 0 332 364
2006 4 2 0 0 0 302 331
2006 4 3 0 0 0 393 430
2006 4 4 0 0 0 357 391
2006 4 5 0 0 0 330 361
2006 4 6 0 0 0 308 337
2006 4 7 0 0 0 310 339
2006 4 8 0 0 0 306 335
2006 4 9 0 0 0 280 307
2006 4 10 0 0 0 269 295
2006 4 11 0 0 0 254 278
2006 4 12 0 0 0 250 274
2006 4 13 0 0 0 237 260
2006 4 14 0 0 0 227 249
2006 4 15 0 0 0 214 234
2006 4 16 0 0 0 282 309
2006 4 17 0 0 0 670 734
2006 4 18 0 0 0 537 588
2006 4 19 0 0 0 470 515
2006 4 20 0 0 0 412 451
2006 4 21 0 0 0 371 406
2006 4 22 0 0 0 341 373
2006 4 23 0 0 0 310 339
2006 4 24 0 0 0 282 309
2006 4 25 0 0 0 256 280
2006 4 26 0 0 0 236 258
2006 4 27 0 0 0 222 243
2006 4 28 0 0 0 204 223
2006 4 29 0 0 0 192 210
2006 4 30 0 0 0 240 263
2006 5 1 0 0 0 366 401
2006 5 2 0 0 0 380 416
2006 5 3 0 0 0 347 380
2006 5 4 0 0 0 319 349
2006 5 5 0 0 0 298 326
2006 5 6 0 0 0 277 303
2006 5 7 0 0 0 257 281
2006 5 8 0 0 0 237 260
2006 5 9 0 0 0 230 252
2006 5 10 0 0 0 234 256
2006 5 11 0 0 0 210 230
2006 5 12 0 0 0 204 223
2006 5 13 0 0 0 202 221
2006 5 14 0 0 0 189 207
2006 5 15 0 0 0 184 201
2006 5 16 0 0 0 175 192
2006 5 17 0 0 0 174 191
2006 5 18 0 0 0 165 181
2006 5 19 0 0 0 154 169
2006 5 20 0 0 0 147 161
2006 5 21 0 0 0 140 153
2006 5 22 0 0 0 134 147
2006 5 23 0 0 0 130 142
2006 5 24 0 0 0 129 141
2006 5 25 0 0 0 128 140
2006 5 26 0 0 0 134 147
2006 5 27 0 0 0 125 137
2006 5 28 0 0 0 122 134
2006 5 29 0 0 0 116 127
2006 5 30 0 0 0 149 163
2006 5 31 0 0 0 333 365
2006 6 1 0 0 0 218 239
2006 6 2 0 0 0 194 212
2006 6 3 0 0 0 182 199
2006 6 4 0 0 0 174 191
2006 6 5 0 0 0 172 188
2006 6 6 0 0 0 275 301
2006 6 7 0 0 0 247 270
2006 6 8 0 0 0 217 238
2006 6 9 0 0 0 215 235
2006 6 10 0 0 0 271 297
2006 6 11 0 0 0 284 311
2006 6 12 0 0 0 214 234
2006 6 13 0 0 0 186 204
2006 6 14 0 0 0 180 197
2006 6 15 0 0 0 177 194
2006 6 16 0 0 0 168 184
2006 6 17 0 0 0 178 195
2006 6 18 0 0 0 208 228
2006 6 19 0 0 0 167 183
2006 6 20 0 0 0 156 171
2006 6 21 0 0 0 164 180
2006 6 22 0 0 0 287 314
2006 6 23 0 0 0 198 217
2006 6 24 0 0 0 180 197
2006 6 25 0 0 0 297 325
2006 6 26 0 0 0 226 247
2006 6 27 0 0 0 202 221
2006 6 28 0 0 0 184 201
2006 6 29 0 0 0 168 184
2006 6 30 0 0 0 156 171
2006 7 1 0 0 0 150 164
2006 7 2 0 0 0 216 237
2006 7 3 0 0 0 158 173
2006 7 4 0 0 0 158 173
2006 7 5 0 0 0 142 155
2006 7 6 0 0 0 132 145
2006 7 7 0 0 0 124 136
2006 7 8 0 0 0 120 131
2006 7 9 0 0 0 121 132
2006 7 10 0 0 0 124 136
2006 7 11 0 0 0 132 145
2006 7 12 0 0 0 140 153
2006 7 13 0 0 0 134 147
2006 7 14 0 0 0 117 128
2006 7 15 0 0 0 109 119
2006 7 16 0 0 0 106 116
2006 7 17 0 0 0 102 112
2006 7 18 0 0 0 94 103
2006 7 19 0 0 0 93 102
2006 7 20 0 0 0 151 165
2006 7 21 0 0 0 143 157
2006 7 22 0 0 0 112 123
2006 7 23 0 0 0 105 115
2006 7 24 0 0 0 102 112
2006 7 25 0 0 0 99 108
2006 7 26 0 0 0 100 110
2006 7 27 0 0 0 239 262
2006 7 28 0 0 0 158 173
2006 7 29 0 0 0 122 134
2006 7 30 0 0 0 112 123
2006 7 31 0 0 0 105 115
2006 8 1 0 0 0 99 108
2006 8 2 0 0 0 100 110
2006 8 3 0 0 0 96 105
2006 8 4 0 0 0 91 100
2006 8 5 0 0 0 87 95
2006 8 6 0 0 0 97 106
2006 8 7 0 0 0 101 111
2006 8 8 0 0 0 89 97
2006 8 9 0 0 0 86 94
2006 8 10 0 0 0 87 95
2006 8 11 0 0 0 89 97
2006 8 12 0 0 0 86 94
2006 8 13 0 0 0 84 92
2006 8 14 0 0 0 90 99
2006 8 15 0 0 0 86 94
2006 8 16 0 0 0 81 89
2006 8 17 0 0 0 82 90
2006 8 18 0 0 0 83 91
2006 8 19 0 0 0 81 89
2006 8 20 0 0 0 77 84
2006 8 21 0 0 0 76 83
2006 8 22 0 0 0 76 83
2006 8 23 0 0 0 78 85
2006 8 24 0 0 0 80 88
2006 8 25 0 0 0 96 105
2006 8 26 0 0 0 100 110
2006 8 27 0 0 0 96 105
2006 8 28 0 0 0 96 105
2006 8 29 0 0 0 95 104
2006 8 30 0 0 0 85 93
2006 8 31 0 0 0 81 89
2006 9 1 0 0 0 81 89
2006 9 2 0 0 0 84 92
2006 9 3 0 0 0 86 94
2006 9 4 0 0 0 94 103
2006 9 5 0 0 0 85 93
2006 9 6 0 0 0 77 84
2006 9 7 0 0 0 70 77
2006 9 8 0 0 0 68 74
2006 9 9 0 0 0 66 72
2006 9 10 0 0 0 64 70
2006 9 11 0 0 0 285 312
2006 9 12 0 0 0 281 308
2006 9 13 0 0 0 144 158
2006 9 14 0 0 0 113 124
2006 9 15 0 0 0 96 105
2006 9 16 0 0 0 88 96
2006 9 17 0 0 0 89 97
2006 9 18 0 0 0 88 96
2006 9 19 0 0 0 81 89
2006 9 20 0 0 0 76 83
2006 9 21 0 0 0 74 81
2006 9 22 0 0 0 83 91
2006 9 23 0 0 0 85 93
2006 9 24 0 0 0 75 82
2006 9 25 0 0 0 69 76
2006 9 26 0 0 0 67 73
2006 9 27 0 0 0 68 74
2006 9 28 0 0 0 66 72
2006 9 29 0 0 0 65 71
2006 9 30 0 0 0 65 71
2006 10 1 0 0 0 63 69
2006 10 2 0 0 0 63 69
2006 10 3 0 0 0 63 69
2006 10 4 0 0 0 64 70
2006 10 5 0 0 0 62 68
2006 10 6 0 0 0 61 67
2006 10 7 0 0 0 60 66
2006 10 8 0 0 0 59 65
2006 10 9 0 0 0 58 64
2006 10 10 0 0 0 58 64
2006 10 11 0 0 0 64 70
2006 10 12 0 0 0 64 70
2006 10 13 0 0 0 62 68
2006 10 14 0 0 0 60 66
2006 10 15 0 0 0 58 64
2006 10 16 0 0 0 60 66
2006 10 17 0 0 0 63 69
2006 10 18 0 0 0 63 69
2006 10 19 0 0 0 62 68
2006 10 20 0 0 0 61 67
2006 10 21 0 0 0 62 68
2006 10 22 0 0 0 62 68
2006 10 23 0 0 0 61 67
2006 10 24 0 0 0 59 65
2006 10 25 0 0 0 58 64
2006 10 26 0 0 0 58 64
2006 10 27 0 0 0 59 65
2006 10 28 0 0 0 58 64
2006 10 29 0 0 0 56 61
2006 10 30 0 0 0 55 60
2006 10 31 0 0 0 54 59
2006 11 1 0 0 0 53 58
2006 11 2 0 0 0 53 58
2006 11 3 0 0 0 52 57
2006 11 4 0 0 0 53 58
2006 11 5 0 0 0 54 59
2006 11 6 0 0 0 54 59
2006 11 7 0 0 0 54 59
2006 11 8 0 0 0 54 59
2006 11 9 0 0 0 53 58
2006 11 10 0 0 0 53 58
2006 11 11 0 0 0 53 58
2006 11 12 0 0 0 52 57
2006 11 13 0 0 0 53 58
2006 11 14 0 0 0 54 59
2006 11 15 0 0 0 54 59
2006 11 16 0 0 0 52 57
2006 11 17 0 0 0 52 57
2006 11 18 0 0 0 54 59
2006 11 19 0 0 0 52 57
2006 11 20 0 0 0 51 56
2006 11 21 0 0 0 51 56
2006 11 22 0 0 0 52 57
2006 11 23 0 0 0 51 56
2006 11 24 0 0 0 51 56
2006 11 25 0 0 0 50 55
2006 11 26 0 0 0 51 56
2006 11 27 0 0 0 54 59
2006 11 28 0 0 0 87 95
2006 11 29 0 0 0 158 173
2006 11 30 0 0 0 141 154
2006 12 1 0 0 0 120 131
2006 12 2 0 0 0 114 125
2006 12 3 0 0 0 94 103
2006 12 4 0 0 0 85 93
2006 12 5 0 0 0 79 87
2006 12 6 0 0 0 85 93
2006 12 7 0 0 0 82 90
2006 12 8 0 0 0 90 99
2006 12 9 0 0 0 91 100
2006 12 10 0 0 0 86 94
2006 12 11 0 0 0 85 93
2006 12 12 0 0 0 83 91
2006 12 13 0 0 0 80 88
2006 12 14 0 0 0 77 84
2006 12 15 0 0 0 76 83
2006 12 16 0 0 0 73 80
2006 12 17 0 0 0 72 79
2006 12 18 0 0 0 69 76
2006 12 19 0 0 0 65 71
2006 12 20 0 0 0 66 72
2006 12 21 0 0 0 133 146
2006 12 22 0 0 0 268 293
2006 12 23 0 0 0 148 162
2006 12 24 0 0 0 125 137
2006 12 25 0 0 0 117 128
2006 12 26 0 0 0 109 119
2006 12 27 0 0 0 108 118
2006 12 28 0 0 0 103 113
2006 12 29 0 0 0 98 107
2006 12 30 0 0 0 97 106
2006 12 31 0 0 0 109 119
2007 1 1 0 0 0 154 169
2007 1 2 0 0 0 148 162
2007 1 3 0 0 0 147 161
2007 1 4 0 0 0 148 162
2007 1 5 0 0 0 146 160
2007 1 6 0 0 0 138 151
2007 1 7 0 0 0 133 146
2007 1 8 0 0 0 129 141
2007 1 9 0 0 0 125 137
2007 1 10 0 0 0 107 117
2007 1 11 0 0 0 124 136
2007 1 12 0 0 0 118 129
2007 1 13 0 0 0 99 108
2007 1 14 0 0 0 107 117
2007 1 15 0 0 0 106 116
2007 1 16 0 0 0 84 92
2007 1 17 0 0 0 72 79
2007 1 18 0 0 0 76 83
2007 1 19 0 0 0 72 79
2007 1 20 0 0 0 70 77
2007 1 21 0 0 0 76 83
2007 1 22 0 0 0 80 88
2007 1 23 0 0 0 81 89
2007 1 24 0 0 0 80 88
2007 1 25 0 0 0 80 88
2007 1 26 0 0 0 81 89
2007 1 27 0 0 0 81 89
2007 1 28 0 0 0 74 81
2007 1 29 0 0 0 76 83
2007 1 30 0 0 0 73 80
2007 1 31 0 0 0 76 83
2007 2 1 0 0 0 75 82
2007 2 2 0 0 0 72 79
2007 2 3 0 0 0 71 78
2007 2 4 0 0 0 70 77
2007 2 5 0 0 0 70 77
2007 2 6 0 0 0 71 78
2007 2 7 0 0 0 71 78
2007 2 8 0 0 0 72 79
2007 2 9 0 0 0 72 79
2007 2 10 0 0 0 72 79
2007 2 11 0 0 0 73 80
2007 2 12 0 0 0 75 82
2007 2 13 0 0 0 74 81
2007 2 14 0 0 0 71 78
2007 2 15 0 0 0 70 77
2007 2 16 0 0 0 71 78
2007 2 17 0 0 0 75 82
2007 2 18 0 0 0 79 87
2007 2 19 0 0 0 77 84
2007 2 20 0 0 0 76 83
2007 2 21 0 0 0 72 79
2007 2 22 0 0 0 74 81
2007 2 23 0 0 0 73 80
2007 2 24 0 0 0 73 80
2007 2 25 0 0 0 72 79
2007 2 26 0 0 0 81 89
2007 2 27 0 0 0 74 81
2007 2 28 0 0 0 75 82
2007 3 1 0 0 0 79 87
2007 3 2 0 0 0 84 92
2007 3 3 0 0 0 78 85
2007 3 4 0 0 0 72 79
2007 3 5 0 0 0 74 81
2007 3 6 0 0 0 71 78
2007 3 7 0 0 0 72 79
2007 3 8 0 0 0 71 78
2007 3 9 0 0 0 71 78
2007 3 10 0 0 0 72 79
2007 3 11 0 0 0 87 95
2007 3 12 0 0 0 244 267
2007 3 13 0 0 0 1650 1807
2007 3 14 0 0 0 2030 2223
2007 3 15 0 0 0 863 945
2007 3 16 0 0 0 648 710
2007 3 17 0 0 0 465 509
2007 3 18 0 0 0 450 493
2007 3 19 0 0 0 513 562
2007 3 20 0 0 0 627 687
2007 3 21 0 0 0 650 712
2007 3 22 0 0 0 1970 2157
2007 3 23 0 0 0 912 999
2007 3 24 0 0 0 680 745
2007 3 25 0 0 0 655 717
2007 3 26 0 0 0 591 647
2007 3 27 0 0 0 503 551
2007 3 28 0 0 0 447 489
2007 3 29 0 0 0 412 451
2007 3 30 0 0 0 397 435
2007 3 31 0 0 0 423 463
2007 4 1 0 0 0 593 649
2007 4 2 0 0 0 561 614
2007 4 3 0 0 0 877 960
2007 4 4 0 0 0 855 936
2007 4 5 0 0 0 708 775
2007 4 6 0 0 0 610 668
2007 4 7 0 0 0 535 586
2007 4 8 0 0 0 480 526
2007 4 9 0 0 0 433 474
2007 4 10 0 0 0 403 441
2007 4 11 0 0 0 413 452
2007 4 12 0 0 0 389 426
2007 4 13 0 0 0 369 404
2007 4 14 0 0 0 386 423
2007 4 15 0 0 0 384 420
2007 4 16 0 0 0 370 405
2007 4 17 0 0 0 361 395
2007 4 18 0 0 0 342 374
2007 4 19 0 0 0 327 358
2007 4 20 0 0 0 313 343
2007 4 21 0 0 0 301 330
2007 4 22 0 0 0 296 324
2007 4 23 0 0 0 311 341
2007 4 24 0 0 0 289 316
2007 4 25 0 0 0 362 396
2007 4 26 0 0 0 372 407
2007 4 27 0 0 0 354 388
2007 4 28 0 0 0 335 367
2007 4 29 0 0 0 319 349
2007 4 30 0 0 0 310 339
2007 5 1 0 0 0 296 324
2007 5 2 0 0 0 269 295
2007 5 3 0 0 0 259 284
2007 5 4 0 0 0 258 283
2007 5 5 0 0 0 257 281
2007 5 6 0 0 0 236 258
2007 5 7 0 0 0 238 261
2007 5 8 0 0 0 221 242
2007 5 9 0 0 0 205 224
2007 5 10 0 0 0 197 216
2007 5 11 0 0 0 188 206
2007 5 12 0 0 0 179 196
2007 5 13 0 0 0 175 192
2007 5 14 0 0 0 171 187
2007 5 15 0 0 0 180 197
2007 5 16 0 0 0 169 185
2007 5 17 0 0 0 156 171
2007 5 18 0 0 0 151 165
2007 5 19 0 0 0 150 164
2007 5 20 0 0 0 149 163
2007 5 21 0 0 0 148 162
2007 5 22 0 0 0 144 158
2007 5 23 0 0 0 145 159
2007 5 24 0 0 0 187 205
2007 5 25 0 0 0 206 226
2007 5 26 0 0 0 184 201
2007 5 27 0 0 0 176 193
2007 5 28 0 0 0 163 178
2007 5 29 0 0 0 159 174
2007 5 30 0 0 0 153 168
2007 5 31 0 0 0 166 182
2007 6 1 0 0 0 173 189
2007 6 2 0 0 0 487 533
2007 6 3 0 0 0 426 466
2007 6 4 0 0 0 448 491
2007 6 5 0 0 0 402 440
2007 6 6 0 0 0 364 399
2007 6 7 0 0 0 354 388
2007 6 8 0 0 0 317 347
2007 6 9 0 0 0 285 312
2007 6 10 0 0 0 268 293
2007 6 11 0 0 0 249 273
2007 6 12 0 0 0 232 254
2007 6 13 0 0 0 218 239
2007 6 14 0 0 0 209 229
2007 6 15 0 0 0 200 219
2007 6 16 0 0 0 191 209
2007 6 17 0 0 0 192 210
2007 6 18 0 0 0 188 206
2007 6 19 0 0 0 214 234
2007 6 20 0 0 0 174 191
2007 6 21 0 0 0 195 214
2007 6 22 0 0 0 527 577
2007 6 23 0 0 0 353 387
2007 6 24 0 0 0 301 330
2007 6 25 0 0 0 275 301
2007 6 26 0 0 0 256 280
2007 6 27 0 0 0 234 256
2007 6 28 0 0 0 214 234
2007 6 29 0 0 0 202 221
2007 6 30 0 0 0 192 210
2007 7 1 0 0 0 182 199
2007 7 2 0 0 0 172 188
2007 7 3 0 0 0 169 185
2007 7 4 0 0 0 183 200
2007 7 5 0 0 0 167 183
2007 7 6 0 0 0 157 172
2007 7 7 0 0 0 150 164
2007 7 8 0 0 0 142 155
2007 7 9 0 0 0 133 146
2007 7 10 0 0 0 126 138
2007 7 11 0 0 0 116 127
2007 7 12 0 0 0 109 119
2007 7 13 0 0 0 104 114
2007 7 14 0 0 0 103 113
2007 7 15 0 0 0 104 114
2007 7 16 0 0 0 106 116
2007 7 17 0 0 0 120 131
2007 7 18 0 0 0 520 569
2007 7 19 0 0 0 175 192
2007 7 20 0 0 0 132 145
2007 7 21 0 0 0 119 130
2007 7 22 0 0 0 112 123
2007 7 23 0 0 0 116 127
2007 7 24 0 0 0 115 126
2007 7 25 0 0 0 110 120
2007 7 26 0 0 0 107 117
2007 7 27 0 0 0 462 506
2007 7 28 0 0 0 243 266
2007 7 29 0 0 0 178 195
2007 7 30 0 0 0 153 168
2007 7 31 0 0 0 138 151
2007 8 1 0 0 0 129 141
2007 8 2 0 0 0 122 134
2007 8 3 0 0 0 116 127
2007 8 4 0 0 0 116 127
2007 8 5 0 0 0 214 234
2007 8 6 0 0 0 157 172
2007 8 7 0 0 0 568 622
2007 8 8 0 0 0 512 561
2007 8 9 0 0 0 306 335
2007 8 10 0 0 0 247 270
2007 8 11 0 0 0 269 295
2007 8 12 0 0 0 253 277
2007 8 13 0 0 0 212 232
2007 8 14 0 0 0 1750 1916
2007 8 15 0 0 0 968 1060
2007 8 16 0 0 0 823 901
2007 8 17 0 0 0 624 683
2007 8 18 0 0 0 551 603
2007 8 19 0 0 0 4750 5201
2007 8 20 0 0 0 5360 5869
2007 8 21 0 0 0 2320 2540
2007 8 22 0 0 0 2240 2453
2007 8 23 0 0 0 1670 1829
2007 8 24 0 0 0 1840 2015
2007 8 25 0 0 0 1720 1883
2007 8 26 0 0 0 1250 1369
2007 8 27 0 0 0 2700 2957
2007 8 28 0 0 0 1780 1949
2007 8 29 0 0 0 2150 2354
2007 8 30 0 0 0 1400 1533
2007 8 31 0 0 0 1090 1194
2007 9 1 0 0 0 886 970
2007 9 2 0 0 0 754 826
2007 9 3 0 0 0 666 729
2007 9 4 0 0 0 597 654
2007 9 5 0 0 0 538 589
2007 9 6 0 0 0 497 544
2007 9 7 0 0 0 499 546
2007 9 8 0 0 0 440 482
2007 9 9 0 0 0 401 439
2007 9 10 0 0 0 415 454
2007 9 11 0 0 0 443 485
2007 9 12 0 0 0 379 415
2007 9 13 0 0 0 358 392
2007 9 14 0 0 0 342 374
2007 9 15 0 0 0 320 350
2007 9 16 0 0 0 312 342
2007 9 17 0 0 0 299 327
2007 9 18 0 0 0 294 322
2007 9 19 0 0 0 432 473
2007 9 20 0 0 0 328 359
2007 9 21 0 0 0 329 360
2007 9 22 0 0 0 401 439
2007 9 23 0 0 0 335 367
2007 9 24 0 0 0 319 349
2007 9 25 0 0 0 298 326
2007 9 26 0 0 0 285 312
2007 9 27 0 0 0 272 298
2007 9 28 0 0 0 256 280
2007 9 29 0 0 0 246 269
2007 9 30 0 0 0 255 279
2007 10 1 0 0 0 419 459
2007 10 2 0 0 0 337 369
2007 10 3 0 0 0 501 549
2007 10 4 0 0 0 430 471
2007 10 5 0 0 0 399 437
2007 10 6 0 0 0 379 415
2007 10 7 0 0 0 364 399
2007 10 8 0 0 0 368 403
2007 10 9 0 0 0 368 403
2007 10 10 0 0 0 343 376
2007 10 11 0 0 0 332 364
2007 10 12 0 0 0 325 356
2007 10 13 0 0 0 319 349
2007 10 14 0 0 0 314 344
2007 10 15 0 0 0 318 348
2007 10 16 0 0 0 324 355
2007 10 17 0 0 0 314 344
2007 10 18 0 0 0 451 494
2007 10 19 0 0 0 477 522
2007 10 20 0 0 0 442 484
2007 10 21 0 0 0 427 468
2007 10 22 0 0 0 402 440
2007 10 23 0 0 0 387 424
2007 10 24 0 0 0 371 406
2007 10 25 0 0 0 353 387
2007 10 26 0 0 0 346 379
2007 10 27 0 0 0 334 366
2007 10 28 0 0 0 316 346
2007 10 29 0 0 0 309 338
2007 10 30 0 0 0 304 333
2007 10 31 0 0 0 296 324
2007 11 1 0 0 0 277 303
2007 11 2 0 0 0 269 295
2007 11 3 0 0 0 259 284
2007 11 4 0 0 0 255 279
2007 11 5 0 0 0 246 269
2007 11 6 0 0 0 231 253
2007 11 7 0 0 0 224 245
2007 11 8 0 0 0 224 245
2007 11 9 0 0 0 215 235
2007 11 10 0 0 0 209 229
2007 11 11 0 0 0 208 228
2007 11 12 0 0 0 202 221
2007 11 13 0 0 0 194 212
2007 11 14 0 0 0 199 218
2007 11 15 0 0 0 193 211
2007 11 16 0 0 0 193 211
2007 11 17 0 0 0 193 211
2007 11 18 0 0 0 188 206
2007 11 19 0 0 0 190 208
2007 11 20 0 0 0 190 208
2007 11 21 0 0 0 188 206
2007 11 22 0 0 0 184 201
2007 11 23 0 0 0 179 196
2007 11 24 0 0 0 179 196
2007 11 25 0 0 0 182 199
2007 11 26 0 0 0 181 198
2007 11 27 0 0 0 175 192
2007 11 28 0 0 0 171 187
2007 11 29 0 0 0 167 183
2007 11 30 0 0 0 173 189
2007 12 1 0 0 0 169 185
2007 12 2 0 0 0 198 217
2007 12 3 0 0 0 183 200
2007 12 4 0 0 0 176 193
2007 12 5 0 0 0 180 197
2007 12 6 0 0 0 192 210
2007 12 7 0 0 0 179 196
2007 12 8 0 0 0 174 191
2007 12 9 0 0 0 167 183
2007 12 10 0 0 0 162 177
2007 12 11 0 0 0 168 184
2007 12 12 0 0 0 164 180
2007 12 13 0 0 0 166 182
2007 12 14 0 0 0 162 177
2007 12 15 0 0 0 160 175
2007 12 16 0 0 0 166 182
2007 12 17 0 0 0 163 178
2007 12 18 0 0 0 164 180
2007 12 19 0 0 0 164 180
2007 12 20 0 0 0 165 181
2007 12 21 0 0 0 168 184
2007 12 22 0 0 0 176 193
2007 12 23 0 0 0 182 199
2007 12 24 0 0 0 151 165
2007 12 25 0 0 0 148 162
2007 12 26 0 0 0 157 172
2007 12 27 0 0 0 161 176
2007 12 28 0 0 0 163 178
2007 12 29 0 0 0 160 175
2007 12 30 0 0 0 159 174
2007 12 31 0 0 0 160 175
2008 1 1 0 0 0 154 169
2008 1 2 0 0 0 124 136
2008 1 3 0 0 0 126 138
2008 1 4 0 0 0 128 140
2008 1 5 0 0 0 123 135
2008 1 6 0 0 0 116 127
2008 1 7 0 0 0 144 158
2008 1 8 0 0 0 220 241
2008 1 9 0 0 0 196 215
2008 1 10 0 0 0 180 197
2008 1 11 0 0 0 176 193
2008 1 12 0 0 0 167 183
2008 1 13 0 0 0 162 177
2008 1 14 0 0 0 154 169
2008 1 15 0 0 0 152 166
2008 1 16 0 0 0 136 149
2008 1 17 0 0 0 127 139
2008 1 18 0 0 0 111 122
2008 1 19 0 0 0 104 114
2008 1 20 0 0 0 98 107
2008 1 21 0 0 0 101 111
2008 1 22 0 0 0 102 112
2008 1 23 0 0 0 100 110
2008 1 24 0 0 0 96 105
2008 1 25 0 0 0 96 105
2008 1 26 0 0 0 99 108
2008 1 27 0 0 0 100 110
2008 1 28 0 0 0 104 114
2008 1 29 0 0 0 107 117
2008 1 30 0 0 0 97 106
2008 1 31 0 0 0 98 107
2008 2 1 0 0 0 98 107
2008 2 2 0 0 0 98 107
2008 2 3 0 0 0 101 111
2008 2 4 0 0 0 110 120
2008 2 5 0 0 0 102 112
2008 2 6 0 0 0 74 81
2008 2 7 0 0 0 57 62
2008 2 8 0 0 0 59 65
2008 2 9 0 0 0 62 68
2008 2 10 0 0 0 41 45
2008 2 11 0 0 0 36 39
2008 2 12 0 0 0 33 36
2008 2 13 0 0 0 29 32
2008 2 14 0 0 0 25 27
2008 2 15 0 0 0 24 26
2008 2 16 0 0 0 22 24
2008 2 17 0 0 0 25 27
2008 2 18 0 0 0 27 30
2008 2 19 0 0 0 25 27
2008 2 20 0 0 0 26 28
2008 2 21 0 0 0 26 28
2008 2 22 0 0 0 27 30
2008 2 23 0 0 0 26 28
2008 2 24 0 0 0 26 28
2008 2 25 0 0 0 24 26
2008 2 26 0 0 0 24 26
2008 2 27 0 0 0 24 26
2008 2 28 0 0 0 22 24
2008 2 29 0 0 0 22 24
2008 3 1 0 0 0 18 20
2008 3 2 0 0 0 24 26
2008 3 3 0 0 0 57 62
2008 3 4 0 0 0 61 67
2008 3 5 0 0 0 59 65
2008 3 6 0 0 0 48 53
2008 3 7 0 0 0 42 46
2008 3 8 0 0 0 39 43
2008 3 9 0 0 0 41 45
2008 3 10 0 0 0 38 42
2008 3 11 0 0 0 38 42
2008 3 12 0 0 0 49 54
2008 3 13 0 0 0 244 267
2008 3 14 0 0 0 876 959
2008 3 15 0 0 0 976 1069
2008 3 16 0 0 0 658 721
2008 3 17 0 0 0 583 638
2008 3 18 0 0 0 522 572
2008 3 19 0 0 0 694 760
2008 3 20 0 0 0 905 991
2008 3 21 0 0 0 812 889
2008 3 22 0 0 0 619 678
2008 3 23 0 0 0 540 591
2008 3 24 0 0 0 501 549
2008 3 25 0 0 0 516 565
2008 3 26 0 0 0 636 696
2008 3 27 0 0 0 663 726
2008 3 28 0 0 0 561 614
2008 3 29 0 0 0 513 562
2008 3 30 0 0 0 502 550
2008 3 31 0 0 0 643 704
2008 4 1 0 0 0 1140 1248
2008 4 2 0 0 0 775 849
2008 4 3 0 0 0 676 740
2008 4 4 0 0 0 594 650
2008 4 5 0 0 0 543 595
2008 4 6 0 0 0 506 554
2008 4 7 0 0 0 471 516
2008 4 8 0 0 0 427 468
2008 4 9 0 0 0 422 462
2008 4 10 0 0 0 454 497
2008 4 11 0 0 0 1430 1566
2008 4 12 0 0 0 1170 1281
2008 4 13 0 0 0 912 999
2008 4 14 0 0 0 772 845
2008 4 15 0 0 0 684 749
2008 4 16 0 0 0 619 678
2008 4 17 0 0 0 559 612
2008 4 18 0 0 0 1080 1183
2008 4 19 0 0 0 2100 2300
2008 4 20 0 0 0 1500 1643
2008 4 21 0 0 0 1200 1314
2008 4 22 0 0 0 1100 1205
2008 4 23 0 0 0 1010 1106
2008 4 24 0 0 0 1510 1653
2008 4 25 0 0 0 5640 6176
2008 4 26 0 0 0 3620 3964
2008 4 27 0 0 0 1880 2059
2008 4 28 0 0 0 1380 1511
2008 4 29 0 0 0 1100 1205
2008 4 30 0 0 0 940 1029
2008 5 1 0 0 0 829 908
2008 5 2 0 0 0 784 858
2008 5 3 0 0 0 785 860
2008 5 4 0 0 0 645 706
2008 5 5 0 0 0 583 638
2008 5 6 0 0 0 536 587
2008 5 7 0 0 0 541 592
2008 5 8 0 0 0 474 519
2008 5 9 0 0 0 445 487
2008 5 10 0 0 0 423 463
2008 5 11 0 0 0 444 486
2008 5 12 0 0 0 409 448
2008 5 13 0 0 0 388 425
2008 5 14 0 0 0 374 410
2008 5 15 0 0 0 353 387
2008 5 16 0 0 0 343 376
2008 5 17 0 0 0 336 368
2008 5 18 0 0 0 322 353
2008 5 19 0 0 0 310 339
2008 5 20 0 0 0 302 331
2008 5 21 0 0 0 288 315
2008 5 22 0 0 0 275 301
2008 5 23 0 0 0 264 289
2008 5 24 0 0 0 253 277
2008 5 25 0 0 0 250 274
2008 5 26 0 0 0 248 272
2008 5 27 0 0 0 229 251
2008 5 28 0 0 0 220 241
2008 5 29 0 0 0 222 243
2008 5 30 0 0 0 297 325
2008 5 31 0 0 0 266 291
2008 6 1 0 0 0 249 273
2008 6 2 0 0 0 232 254
2008 6 3 0 0 0 237 260
2008 6 4 0 0 0 237 260
2008 6 5 0 0 0 358 392
2008 6 6 0 0 0 377 413
2008 6 7 0 0 0 377 413
2008 6 8 0 0 0 6370 6975
2008 6 9 0 0 0 3980 4358
2008 6 10 0 0 0 2290 2508
2008 6 11 0 0 0 1080 1183
2008 6 12 0 0 0 2260 2475
2008 6 13 0 0 0 1640 1796
2008 6 14 0 0 0 1130 1237
2008 6 15 0 0 0 935 1024
2008 6 16 0 0 0 797 873
2008 6 17 0 0 0 695 761
2008 6 18 0 0 0 628 688
2008 6 19 0 0 0 571 625
2008 6 20 0 0 0 526 576
2008 6 21 0 0 0 486 532
2008 6 22 0 0 0 455 498
2008 6 23 0 0 0 431 472
2008 6 24 0 0 0 410 449
2008 6 25 0 0 0 392 429
2008 6 26 0 0 0 377 413
2008 6 27 0 0 0 366 401
2008 6 28 0 0 0 357 391
2008 6 29 0 0 0 444 486
2008 6 30 0 0 0 358 392
2008 7 1 0 0 0 335 367
2008 7 2 0 0 0 342 374
2008 7 3 0 0 0 328 359
2008 7 4 0 0 0 306 335
2008 7 5 0 0 0 297 325
2008 7 6 0 0 0 291 319
2008 7 7 0 0 0 580 635
2008 7 8 0 0 0 994 1088
2008 7 9 0 0 0 466 510
2008 7 10 0 0 0 411 450
2008 7 11 0 0 0 378 414
2008 7 12 0 0 0 527 577
2008 7 13 0 0 0 397 435
2008 7 14 0 0 0 355 389
2008 7 15 0 0 0 335 367
2008 7 16 0 0 0 319 349
2008 7 17 0 0 0 313 343
2008 7 18 0 0 0 310 339
2008 7 19 0 0 0 306 335
2008 7 20 0 0 0 299 327
2008 7 21 0 0 0 277 303
2008 7 22 0 0 0 266 291
2008 7 23 0 0 0 250 274
2008 7 24 0 0 0 243 266
2008 7 25 0 0 0 237 260
2008 7 26 0 0 0 230 252
2008 7 27 0 0 0 221 242
2008 7 28 0 0 0 202 221
2008 7 29 0 0 0 194 212
2008 7 30 0 0 0 190 208
2008 7 31 0 0 0 203 222
2008 8 1 0 0 0 196 215
2008 8 2 0 0 0 177 194
2008 8 3 0 0 0 172 188
2008 8 4 0 0 0 201 220
2008 8 5 0 0 0 184 201
2008 8 6 0 0 0 166 182
2008 8 7 0 0 0 165 181
2008 8 8 0 0 0 159 174
2008 8 9 0 0 0 161 176
2008 8 10 0 0 0 159 174
2008 8 11 0 0 0 154 169
2008 8 12 0 0 0 154 169
2008 8 13 0 0 0 154 169
2008 8 14 0 0 0 155 170
2008 8 15 0 0 0 155 170
2008 8 16 0 0 0 146 160
2008 8 17 0 0 0 137 150
2008 8 18 0 0 0 133 146
2008 8 19 0 0 0 127 139
2008 8 20 0 0 0 122 134
2008 8 21 0 0 0 124 136
2008 8 22 0 0 0 129 141
2008 8 23 0 0 0 123 135
2008 8 24 0 0 0 117 128
2008 8 25 0 0 0 112 123
2008 8 26 0 0 0 110 120
2008 8 27 0 0 0 110 120
2008 8 28 0 0 0 124 136
2008 8 29 0 0 0 113 124
2008 8 30 0 0 0 107 117
2008 8 31 0 0 0 105 115
2008 9 1 0 0 0 104 114
2008 9 2 0 0 0 103 113
2008 9 3 0 0 0 99 108
2008 9 4 0 0 0 106 116
2008 9 5 0 0 0 107 117
2008 9 6 0 0 0 107 117
2008 9 7 0 0 0 100 110
2008 9 8 0 0 0 99 108
2008 9 9 0 0 0 98 107
2008 9 10 0 0 0 95 104
2008 9 11 0 0 0 100 110
2008 9 12 0 0 0 103 113
2008 9 13 0 0 0 105 115
2008 9 14 0 0 0 106 116
2008 9 15 0 0 0 103 113
2008 9 16 0 0 0 100 110
2008 9 17 0 0 0 94 103
2008 9 18 0 0 0 91 100
2008 9 19 0 0 0 91 100
2008 9 20 0 0 0 89 97
2008 9 21 0 0 0 88 96
2008 9 22 0 0 0 88 96
2008 9 23 0 0 0 87 95
2008 9 24 0 0 0 89 97
2008 9 25 0 0 0 84 92
2008 9 26 0 0 0 81 89
2008 9 27 0 0 0 82 90
2008 9 28 0 0 0 80 88
2008 9 29 0 0 0 89 97
2008 9 30 0 0 0 84 92
2008 10 1 0 0 0 82 90
2008 10 2 0 0 0 82 90
2008 10 3 0 0 0 81 89
2008 10 4 0 0 0 79 87
2008 10 5 0 0 0 84 92
2008 10 6 0 0 0 83 91
2008 10 7 0 0 0 82 90
2008 10 8 0 0 0 86 94
2008 10 9 0 0 0 82 90
2008 10 10 0 0 0 78 85
2008 10 11 0 0 0 78 85
2008 10 12 0 0 0 78 85
2008 10 13 0 0 0 80 88
2008 10 14 0 0 0 79 87
2008 10 15 0 0 0 84 92
2008 10 16 0 0 0 82 90
2008 10 17 0 0 0 80 88
2008 10 18 0 0 0 81 89
2008 10 19 0 0 0 77 84
2008 10 20 0 0 0 77 84
2008 10 21 0 0 0 74 81
2008 10 22 0 0 0 73 80
2008 10 23 0 0 0 74 81
2008 10 24 0 0 0 76 83
2008 10 25 0 0 0 75 82
2008 10 26 0 0 0 75 82
2008 10 27 0 0 0 73 80
2008 10 28 0 0 0 70 77
2008 10 29 0 0 0 70 77
2008 10 30 0 0 0 71 78
2008 10 31 0 0 0 70 77
2008 11 1 0 0 0 69 76
2008 11 2 0 0 0 66 72
2008 11 3 0 0 0 66 72
2008 11 4 0 0 0 66 72
2008 11 5 0 0 0 66 72
2008 11 6 0 0 0 71 78
2008 11 7 0 0 0 69 76
2008 11 8 0 0 0 69 76
2008 11 9 0 0 0 66 72
2008 11 10 0 0 0 64 70
2008 11 11 0 0 0 65 71
2008 11 12 0 0 0 68 74
2008 11 13 0 0 0 69 76
2008 11 14 0 0 0 73 80
2008 11 15 0 0 0 69 76
2008 11 16 0 0 0 65 71
2008 11 17 0 0 0 63 69
2008 11 18 0 0 0 61 67
2008 11 19 0 0 0 62 68
2008 11 20 0 0 0 61 67
2008 11 21 0 0 0 58 64
2008 11 22 0 0 0 58 64
2008 11 23 0 0 0 60 66
2008 11 24 0 0 0 62 68
2008 11 25 0 0 0 60 66
2008 11 26 0 0 0 59 65
2008 11 27 0 0 0 59 65
2008 11 28 0 0 0 59 65
2008 11 29 0 0 0 58 64
2008 11 30 0 0 0 60 66
2008 12 1 0 0 0 60 66
2008 12 2 0 0 0 58 64
2008 12 3 0 0 0 60 66
2008 12 4 0 0 0 57 62
2008 12 5 0 0 0 53 58
2008 12 6 0 0 0 55 60
2008 12 7 0 0 0 44 48
2008 12 8 0 0 0 56 61
2008 12 9 0 0 0 63 69
2008 12 10 0 0 0 48 53
2008 12 11 0 0 0 57 62
2008 12 12 0 0 0 58 64
2008 12 13 0 0 0 58 64
2008 12 14 0 0 0 59 65
2008 12 15 0 0 0 43 47
2008 12 16 0 0 0 35 38
2008 12 17 0 0 0 40 44
2008 12 18 0 0 0 43 47
2008 12 19 0 0 0 47 51
2008 12 20 0 0 0 51 56
2008 12 21 0 0 0 45 49
2008 12 22 0 0 0 41 45
2008 12 23 0 0 0 46 50
2008 12 24 0 0 0 51 56
2008 12 25 0 0 0 48 53
2008 12 26 0 0 0 53 58
2008 12 27 0 0 0 139 152
2008 12 28 0 0 0 313 343
2008 12 29 0 0 0 192 210
2008 12 30 0 0 0 143 157
2008 12 31 0 0 0 96 105
2009 1 1 0 0 0 101 111
2009 1 2 0 0 0 95 104
2009 1 3 0 0 0 92 101
2009 1 4 0 0 0 92 101
2009 1 5 0 0 0 76 83
2009 1 6 0 0 0 90 99
2009 1 7 0 0 0 89 97
2009 1 8 0 0 0 81 89
2009 1 9 0 0 0 87 95
2009 1 10 0 0 0 84 92
2009 1 11 0 0 0 82 90
2009 1 12 0 0 0 85 93
2009 1 13 0 0 0 76 83
2009 1 14 0 0 0 60 66
2009 1 15 0 0 0 56 61
2009 1 16 0 0 0 57 62
2009 1 17 0 0 0 58 64
2009 1 18 0 0 0 58 64
2009 1 19 0 0 0 58 64
2009 1 20 0 0 0 58 64
2009 1 21 0 0 0 58 64
2009 1 22 0 0 0 59 65
2009 1 23 0 0 0 58 64
2009 1 24 0 0 0 58 64
2009 1 25 0 0 0 58 64
2009 1 26 0 0 0 58 64
2009 1 27 0 0 0 58 64
2009 1 28 0 0 0 57 62
2009 1 29 0 0 0 58 64
2009 1 30 0 0 0 58 64
2009 1 31 0 0 0 60 66
2009 2 1 0 0 0 63 69
2009 2 2 0 0 0 60 66
2009 2 3 0 0 0 53 58
2009 2 4 0 0 0 52 57
2009 2 5 0 0 0 55 60
2009 2 6 0 0 0 57 62
2009 2 7 0 0 0 59 65
2009 2 8 0 0 0 74 81
2009 2 9 0 0 0 97 106
2009 2 10 0 0 0 664 727
2009 2 11 0 0 0 1610 1763
2009 2 12 0 0 0 847 927
2009 2 13 0 0 0 417 457
2009 2 14 0 0 0 217 238
2009 2 15 0 0 0 154 169
2009 2 16 0 0 0 120 131
2009 2 17 0 0 0 107 117
2009 2 18 0 0 0 121 132
2009 2 19 0 0 0 78 85
2009 2 20 0 0 0 68 74
2009 2 21 0 0 0 65 71
2009 2 22 0 0 0 59 65
2009 2 23 0 0 0 55 60
2009 2 24 0 0 0 60 66
2009 2 25 0 0 0 93 102
2009 2 26 0 0 0 214 234
2009 2 27 0 0 0 282 309
2009 2 28 0 0 0 162 177
2009 3 1 0 0 0 125 137
2009 3 2 0 0 0 112 123
2009 3 3 0 0 0 102 112
2009 3 4 0 0 0 99 108
2009 3 5 0 0 0 117 128
2009 3 6 0 0 0 248 272
2009 3 7 0 0 0 347 380
2009 3 8 0 0 0 619 678
2009 3 9 0 0 0 636 696
2009 3 10 0 0 0 1240 1358
2009 3 11 0 0 0 435 476
2009 3 12 0 0 0 246 269
2009 3 13 0 0 0 212 232
2009 3 14 0 0 0 183 200
2009 3 15 0 0 0 175 192
2009 3 16 0 0 0 172 188
2009 3 17 0 0 0 184 201
2009 3 18 0 0 0 183 200
2009 3 19 0 0 0 158 173
2009 3 20 0 0 0 143 157
2009 3 21 0 0 0 136 149
2009 3 22 0 0 0 130 142
2009 3 23 0 0 0 127 139
2009 3 24 0 0 0 129 141
2009 3 25 0 0 0 132 145
2009 3 26 0 0 0 129 141
2009 3 27 0 0 0 119 130
2009 3 28 0 0 0 113 124
2009 3 29 0 0 0 113 124
2009 3 30 0 0 0 107 117
2009 3 31 0 0 0 106 116
2009 4 1 0 0 0 104 114
2009 4 2 0 0 0 101 111
2009 4 3 0 0 0 99 108
2009 4 4 0 0 0 94 103
2009 4 5 0 0 0 96 105
2009 4 6 0 0 0 94 103
2009 4 7 0 0 0 91 100
2009 4 8 0 0 0 89 97
2009 4 9 0 0 0 87 95
2009 4 10 0 0 0 84 92
2009 4 11 0 0 0 81 89
2009 4 12 0 0 0 78 85
2009 4 13 0 0 0 79 87
2009 4 14 0 0 0 81 89
2009 4 15 0 0 0 77 84
2009 4 16 0 0 0 74 81
2009 4 17 0 0 0 73 80
2009 4 18 0 0 0 74 81
2009 4 19 0 0 0 77 84
2009 4 20 0 0 0 76 83
2009 4 21 0 0 0 76 83
2009 4 22 0 0 0 73 80
2009 4 23 0 0 0 70 77
2009 4 24 0 0 0 71 78
2009 4 25 0 0 0 77 84
2009 4 26 0 0 0 337 369
2009 4 27 0 0 0 1040 1139
2009 4 28 0 0 0 568 622
2009 4 29 0 0 0 402 440
2009 4 30 0 0 0 337 369
2009 5 1 0 0 0 286 313
2009 5 2 0 0 0 248 272
2009 5 3 0 0 0 222 243
2009 5 4 0 0 0 200 219
2009 5 5 0 0 0 187 205
2009 5 6 0 0 0 196 215
2009 5 7 0 0 0 197 216
2009 5 8 0 0 0 176 193
2009 5 9 0 0 0 199 218
2009 5 10 0 0 0 207 227
2009 5 11 0 0 0 191 209
2009 5 12 0 0 0 183 200
2009 5 13 0 0 0 203 222
2009 5 14 0 0 0 200 219
2009 5 15 0 0 0 186 204
2009 5 16 0 0 0 182 199
2009 5 17 0 0 0 169 185
2009 5 18 0 0 0 163 178
2009 5 19 0 0 0 159 174
2009 5 20 0 0 0 153 168
2009 5 21 0 0 0 147 161
2009 5 22 0 0 0 141 154
2009 5 23 0 0 0 143 157
2009 5 24 0 0 0 141 154
2009 5 25 0 0 0 133 146
2009 5 26 0 0 0 137 150
2009 5 27 0 0 0 146 160
2009 5 28 0 0 0 152 166
2009 5 29 0 0 0 140 153
2009 5 30 0 0 0 132 145
2009 5 31 0 0 0 128 140
2009 6 1 0 0 0 126 138
2009 6 2 0 0 0 121 132
2009 6 3 0 0 0 120 131
2009 6 4 0 0 0 118 129
2009 6 5 0 0 0 119 130
2009 6 6 0 0 0 115 126
2009 6 7 0 0 0 116 127
2009 6 8 0 0 0 133 146
2009 6 9 0 0 0 131 143
2009 6 10 0 0 0 121 132
2009 6 11 0 0 0 118 129
2009 6 12 0 0 0 115 126
2009 6 13 0 0 0 118 129
2009 6 14 0 0 0 112 123
2009 6 15 0 0 0 110 120
2009 6 16 0 0 0 110 120
2009 6 17 0 0 0 111 122
2009 6 18 0 0 0 122 134
2009 6 19 0 0 0 261 286
2009 6 20 0 0 0 190 208
2009 6 21 0 0 0 162 177
2009 6 22 0 0 0 159 174
2009 6 23 0 0 0 150 164
2009 6 24 0 0 0 136 149
2009 6 25 0 0 0 133 146
2009 6 26 0 0 0 126 138
2009 6 27 0 0 0 121 132
2009 6 28 0 0 0 118 129
2009 6 29 0 0 0 113 124
2009 6 30 0 0 0 109 119
2009 7 1 0 0 0 106 116
2009 7 2 0 0 0 102 112
2009 7 3 0 0 0 99 108
2009 7 4 0 0 0 98 107
2009 7 5 0 0 0 97 106
2009 7 6 0 0 0 93 102
2009 7 7 0 0 0 93 102
2009 7 8 0 0 0 115 126
2009 7 9 0 0 0 118 129
2009 7 10 0 0 0 111 122
2009 7 11 0 0 0 108 118
2009 7 12 0 0 0 96 105
2009 7 13 0 0 0 93 102
2009 7 14 0 0 0 92 101
2009 7 15 0 0 0 106 116
2009 7 16 0 0 0 95 104
2009 7 17 0 0 0 90 99
2009 7 18 0 0 0 89 97
2009 7 19 0 0 0 86 94
2009 7 20 0 0 0 85 93
2009 7 21 0 0 0 84 92
2009 7 22 0 0 0 84 92
2009 7 23 0 0 0 82 90
2009 7 24 0 0 0 85 93
2009 7 25 0 0 0 126 138
2009 7 26 0 0 0 106 116
2009 7 27 0 0 0 91 100
2009 7 28 0 0 0 86 94
2009 7 29 0 0 0 81 89
2009 7 30 0 0 0 85 93
2009 7 31 0 0 0 81 89
2009 8 1 0 0 0 77 84
2009 8 2 0 0 0 74 81
2009 8 3 0 0 0 73 80
2009 8 4 0 0 0 71 78
2009 8 5 0 0 0 69 76
2009 8 6 0 0 0 68 74
2009 8 7 0 0 0 82 90
2009 8 8 0 0 0 159 174
2009 8 9 0 0 0 184 201
2009 8 10 0 0 0 115 126
2009 8 11 0 0 0 99 108
2009 8 12 0 0 0 93 102
2009 8 13 0 0 0 88 96
2009 8 14 0 0 0 86 94
2009 8 15 0 0 0 83 91
2009 8 16 0 0 0 90 99
2009 8 17 0 0 0 91 100
2009 8 18 0 0 0 86 94
2009 8 19 0 0 0 85 93
2009 8 20 0 0 0 318 348
2009 8 21 0 0 0 251 275
2009 8 22 0 0 0 189 207
2009 8 23 0 0 0 155 170
2009 8 24 0 0 0 137 150
2009 8 25 0 0 0 127 139
2009 8 26 0 0 0 118 129
2009 8 27 0 0 0 112 123
2009 8 28 0 0 0 107 117
2009 8 29 0 0 0 103 113
2009 8 30 0 0 0 97 106
2009 8 31 0 0 0 93 102
2009 9 1 0 0 0 91 100
2009 9 2 0 0 0 88 96
2009 9 3 0 0 0 84 92
2009 9 4 0 0 0 82 90
2009 9 5 0 0 0 80 88
2009 9 6 0 0 0 78 85
2009 9 7 0 0 0 76 83
2009 9 8 0 0 0 74 81
2009 9 9 0 0 0 73 80
2009 9 10 0 0 0 72 79
2009 9 11 0 0 0 72 79
2009 9 12 0 0 0 71 78
2009 9 13 0 0 0 69 76
2009 9 14 0 0 0 66 72
2009 9 15 0 0 0 65 71
2009 9 16 0 0 0 64 70
2009 9 17 0 0 0 64 70
2009 9 18 0 0 0 63 69
2009 9 19 0 0 0 60 66
2009 9 20 0 0 0 60 66
2009 9 21 0 0 0 61 67
2009 9 22 0 0 0 63 69
2009 9 23 0 0 0 62 68
2009 9 24 0 0 0 62 68
2009 9 25 0 0 0 66 72
2009 9 26 0 0 0 74 81
2009 9 27 0 0 0 72 79
2009 9 28 0 0 0 65 71
2009 9 29 0 0 0 61 67
2009 9 30 0 0 0 59 65
2009 10 1 0 0 0 64 70
2009 10 2 0 0 0 74 81
2009 10 3 0 0 0 75 82
2009 10 4 0 0 0 68 74
2009 10 5 0 0 0 65 71
2009 10 6 0 0 0 71 78
2009 10 7 0 0 0 73 80
2009 10 8 0 0 0 71 78
2009 10 9 0 0 0 67 73
2009 10 10 0 0 0 63 69
2009 10 11 0 0 0 62 68
2009 10 12 0 0 0 61 67
2009 10 13 0 0 0 60 66
2009 10 14 0 0 0 60 66
2009 10 15 0 0 0 63 69
2009 10 16 0 0 0 63 69
2009 10 17 0 0 0 60 66
2009 10 18 0 0 0 59 65
2009 10 19 0 0 0 60 66
2009 10 20 0 0 0 60 66
2009 10 21 0 0 0 61 67
2009 10 22 0 0 0 71 78
2009 10 23 0 0 0 131 143
2009 10 24 0 0 0 359 393
2009 10 25 0 0 0 245 268
2009 10 26 0 0 0 198 217
2009 10 27 0 0 0 175 192
2009 10 28 0 0 0 162 177
2009 10 29 0 0 0 158 173
2009 10 30 0 0 0 338 370
2009 10 31 0 0 0 351 384
2009 11 1 0 0 0 294 322
2009 11 2 0 0 0 268 293
2009 11 3 0 0 0 238 261
2009 11 4 0 0 0 224 245
2009 11 5 0 0 0 207 227
2009 11 6 0 0 0 197 216
2009 11 7 0 0 0 194 212
2009 11 8 0 0 0 176 193
2009 11 9 0 0 0 170 186
2009 11 10 0 0 0 157 172
2009 11 11 0 0 0 152 166
2009 11 12 0 0 0 151 165
2009 11 13 0 0 0 150 164
2009 11 14 0 0 0 145 159
2009 11 15 0 0 0 135 148
2009 11 16 0 0 0 131 143
2009 11 17 0 0 0 128 140
2009 11 18 0 0 0 126 138
2009 11 19 0 0 0 123 135
2009 11 20 0 0 0 120 131
2009 11 21 0 0 0 116 127
2009 11 22 0 0 0 116 127
2009 11 23 0 0 0 114 125
2009 11 24 0 0 0 117 128
2009 11 25 0 0 0 136 149
2009 11 26 0 0 0 131 143
2009 11 27 0 0 0 123 135
2009 11 28 0 0 0 120 131
2009 11 29 0 0 0 115 126
2009 11 30 0 0 0 109 119
2009 12 1 0 0 0 108 118
2009 12 2 0 0 0 106 116
2009 12 3 0 0 0 103 113
2009 12 4 0 0 0 99 108
2009 12 5 0 0 0 95 104
2009 12 6 0 0 0 95 104
2009 12 7 0 0 0 95 104
2009 12 8 0 0 0 97 106
2009 12 9 0 0 0 93 102
2009 12 10 0 0 0 90 99
2009 12 11 0 0 0 89 97
2009 12 12 0 0 0 92 101
2009 12 13 0 0 0 112 123
2009 12 14 0 0 0 103 113
2009 12 15 0 0 0 89 97
2009 12 16 0 0 0 75 82
2009 12 17 0 0 0 82 90
2009 12 18 0 0 0 93 102
2009 12 19 0 0 0 97 106
2009 12 20 0 0 0 93 102
2009 12 21 0 0 0 91 100
2009 12 22 0 0 0 95 104
2009 12 23 0 0 0 93 102
2009 12 24 0 0 0 102 112
2009 12 25 0 0 0 170 186
2009 12 26 0 0 0 270 296
2009 12 27 0 0 0 179 196
2009 12 28 0 0 0 147 161
2009 12 29 0 0 0 92 101
2009 12 30 0 0 0 99 108
2009 12 31 0 0 0 110 120
2010 1 1 0 0 0 93 102
2010 1 2 0 0 0 86 94
2010 1 3 0 0 0 81 89
2010 1 4 0 0 0 77 84
2010 1 5 0 0 0 74 81
2010 1 6 0 0 0 71 78
2010 1 7 0 0 0 73 80
2010 1 8 0 0 0 75 82
2010 1 9 0 0 0 66 72
2010 1 10 0 0 0 67 73
2010 1 11 0 0 0 68 74
2010 1 12 0 0 0 70 77
2010 1 13 0 0 0 77 84
2010 1 14 0 0 0 85 93
2010 1 15 0 0 0 83 91
2010 1 16 0 0 0 82 90
2010 1 17 0 0 0 84 92
2010 1 18 0 0 0 94 103
2010 1 19 0 0 0 93 102
2010 1 20 0 0 0 102 112
2010 1 21 0 0 0 108 118
2010 1 22 0 0 0 107 117
2010 1 23 0 0 0 111 122
2010 1 24 0 0 0 161 176
2010 1 25 0 0 0 236 258
2010 1 26 0 0 0 183 200
2010 1 27 0 0 0 144 158
2010 1 28 0 0 0 133 146
2010 1 29 0 0 0 123 135
2010 1 30 0 0 0 124 136
2010 1 31 0 0 0 126 138
2010 2 1 0 0 0 132 145
2010 2 2 0 0 0 143 157
2010 2 3 0 0 0 149 163
2010 2 4 0 0 0 175 192
2010 2 5 0 0 0 186 204
2010 2 6 0 0 0 159 174
2010 2 7 0 0 0 152 166
2010 2 8 0 0 0 151 165
2010 2 9 0 0 0 153 168
2010 2 10 0 0 0 144 158
2010 2 11 0 0 0 138 151
2010 2 12 0 0 0 133 146
2010 2 13 0 0 0 128 140
2010 2 14 0 0 0 122 134
2010 2 15 0 0 0 117 128
2010 2 16 0 0 0 113 124
2010 2 17 0 0 0 107 117
2010 2 18 0 0 0 104 114
2010 2 19 0 0 0 101 111
2010 2 20 0 0 0 105 115
2010 2 21 0 0 0 102 112
2010 2 22 0 0 0 101 111
2010 2 23 0 0 0 100 110
2010 2 24 0 0 0 95 104
2010 2 25 0 0 0 92 101
2010 2 26 0 0 0 92 101
2010 2 27 0 0 0 94 103
2010 2 28 0 0 0 93 102
2010 3 1 0 0 0 92 101
2010 3 2 0 0 0 91 100
2010 3 3 0 0 0 92 101
2010 3 4 0 0 0 94 103
2010 3 5 0 0 0 96 105
2010 3 6 0 0 0 99 108
2010 3 7 0 0 0 113 124
2010 3 8 0 0 0 155 170
2010 3 9 0 0 0 249 273
2010 3 10 0 0 0 959 1050
2010 3 11 0 0 0 1710 1872
2010 3 12 0 0 0 1600 1752
2010 3 13 0 0 0 1070 1172
2010 3 14 0 0 0 980 1073
2010 3 15 0 0 0 812 889
2010 3 16 0 0 0 667 730
2010 3 17 0 0 0 584 639
2010 3 18 0 0 0 523 573
2010 3 19 0 0 0 475 520
2010 3 20 0 0 0 424 464
2010 3 21 0 0 0 390 427
2010 3 22 0 0 0 367 402
2010 3 23 0 0 0 345 378
2010 3 24 0 0 0 322 353
2010 3 25 0 0 0 305 334
2010 3 26 0 0 0 291 319
2010 3 27 0 0 0 280 307
2010 3 28 0 0 0 271 297
2010 3 29 0 0 0 260 285
2010 3 30 0 0 0 249 273
2010 3 31 0 0 0 242 265
2010 4 1 0 0 0 231 253
2010 4 2 0 0 0 228 250
2010 4 3 0 0 0 227 249
2010 4 4 0 0 0 210 230
2010 4 5 0 0 0 203 222
2010 4 6 0 0 0 228 250
2010 4 7 0 0 0 312 342
2010 4 8 0 0 0 286 313
2010 4 9 0 0 0 268 293
2010 4 10 0 0 0 258 283
2010 4 11 0 0 0 245 268
2010 4 12 0 0 0 236 258
2010 4 13 0 0 0 239 262
2010 4 14 0 0 0 226 247
2010 4 15 0 0 0 221 242
2010 4 16 0 0 0 219 240
2010 4 17 0 0 0 208 228
2010 4 18 0 0 0 201 220
2010 4 19 0 0 0 195 214
2010 4 20 0 0 0 191 209
2010 4 21 0 0 0 189 207
2010 4 22 0 0 0 182 199
2010 4 23 0 0 0 179 196
2010 4 24 0 0 0 190 208
2010 4 25 0 0 0 208 228
2010 4 26 0 0 0 186 204
2010 4 27 0 0 0 176 193
2010 4 28 0 0 0 168 184
2010 4 29 0 0 0 167 183
2010 4 30 0 0 0 169 185
2010 5 1 0 0 0 167 183
2010 5 2 0 0 0 157 172
2010 5 3 0 0 0 148 162
2010 5 4 0 0 0 143 157
2010 5 5 0 0 0 143 157
2010 5 6 0 0 0 135 148
2010 5 7 0 0 0 138 151
2010 5 8 0 0 0 143 157
2010 5 9 0 0 0 131 143
2010 5 10 0 0 0 124 136
2010 5 11 0 0 0 143 157
2010 5 12 0 0 0 146 160
2010 5 13 0 0 0 494 541
2010 5 14 0 0 0 526 576
2010 5 15 0 0 0 430 471
2010 5 16 0 0 0 387 424
2010 5 17 0 0 0 357 391
2010 5 18 0 0 0 328 359
2010 5 19 0 0 0 309 338
2010 5 20 0 0 0 293 321
2010 5 21 0 0 0 282 309
2010 5 22 0 0 0 272 298
2010 5 23 0 0 0 262 287
2010 5 24 0 0 0 247 270
2010 5 25 0 0 0 234 256
2010 5 26 0 0 0 233 255
2010 5 27 0 0 0 215 235
2010 5 28 0 0 0 200 219
2010 5 29 0 0 0 192 210
2010 5 30 0 0 0 185 203
2010 5 31 0 0 0 180 197
2010 6 1 0 0 0 173 189
2010 6 2 0 0 0 173 189
2010 6 3 0 0 0 176 193
2010 6 4 0 0 0 176 193
2010 6 5 0 0 0 173 189
2010 6 6 0 0 0 176 193
2010 6 7 0 0 0 159 174
2010 6 8 0 0 0 164 180
2010 6 9 0 0 0 165 181
2010 6 10 0 0 0 152 166
2010 6 11 0 0 0 156 171
2010 6 12 0 0 0 165 181
2010 6 13 0 0 0 162 177
2010 6 14 0 0 0 164 180
2010 6 15 0 0 0 188 206
2010 6 16 0 0 0 404 442
2010 6 17 0 0 0 302 331
2010 6 18 0 0 0 336 368
2010 6 19 0 0 0 332 364
2010 6 20 0 0 0 301 330
2010 6 21 0 0 0 289 316
2010 6 22 0 0 0 277 303
2010 6 23 0 0 0 346 379
2010 6 24 0 0 0 372 407
2010 6 25 0 0 0 316 346
2010 6 26 0 0 0 317 347
2010 6 27 0 0 0 588 644
2010 6 28 0 0 0 641 702
2010 6 29 0 0 0 500 548
2010 6 30 0 0 0 435 476
2010 7 1 0 0 0 394 431
2010 7 2 0 0 0 365 400
2010 7 3 0 0 0 339 371
2010 7 4 0 0 0 326 357
2010 7 5 0 0 0 741 811
2010 7 6 0 0 0 1600 1752
2010 7 7 0 0 0 1910 2091
2010 7 8 0 0 0 1880 2059
2010 7 9 0 0 0 1150 1259
2010 7 10 0 0 0 898 983
2010 7 11 0 0 0 753 825
2010 7 12 0 0 0 659 722
2010 7 13 0 0 0 581 636
2010 7 14 0 0 0 512 561
2010 7 15 0 0 0 466 510
2010 7 16 0 0 0 419 459
2010 7 17 0 0 0 386 423
2010 7 18 0 0 0 391 428
2010 7 19 0 0 0 350 383
2010 7 20 0 0 0 327 358
2010 7 21 0 0 0 308 337
2010 7 22 0 0 0 521 571
2010 7 23 0 0 0 541 592
2010 7 24 0 0 0 879 963
2010 7 25 0 0 0 699 765
2010 7 26 0 0 0 564 618
2010 7 27 0 0 0 501 549
2010 7 28 0 0 0 514 563
2010 7 29 0 0 0 467 511
2010 7 30 0 0 0 420 460
2010 7 31 0 0 0 399 437
2010 8 1 0 0 0 366 401
2010 8 2 0 0 0 343 376
2010 8 3 0 0 0 329 360
2010 8 4 0 0 0 310 339
2010 8 5 0 0 0 295 323
2010 8 6 0 0 0 282 309
2010 8 7 0 0 0 272 298
2010 8 8 0 0 0 266 291
2010 8 9 0 0 0 295 323
2010 8 10 0 0 0 270 296
2010 8 11 0 0 0 275 301
2010 8 12 0 0 0 261 286
2010 8 13 0 0 0 249 273
2010 8 14 0 0 0 261 286
2010 8 15 0 0 0 233 255
2010 8 16 0 0 0 219 240
2010 8 17 0 0 0 211 231
2010 8 18 0 0 0 207 227
2010 8 19 0 0 0 202 221
2010 8 20 0 0 0 199 218
2010 8 21 0 0 0 195 214
2010 8 22 0 0 0 185 203
2010 8 23 0 0 0 180 197
2010 8 24 0 0 0 179 196
2010 8 25 0 0 0 173 189
2010 8 26 0 0 0 169 185
2010 8 27 0 0 0 166 182
2010 8 28 0 0 0 161 176
2010 8 29 0 0 0 157 172
2010 8 30 0 0 0 152 166
2010 8 31 0 0 0 167 183
2010 9 1 0 0 0 300 329
2010 9 2 0 0 0 242 265
2010 9 3 0 0 0 191 209
2010 9 4 0 0 0 174 191
2010 9 5 0 0 0 163 178
2010 9 6 0 0 0 158 173
2010 9 7 0 0 0 158 173
2010 9 8 0 0 0 149 163
2010 9 9 0 0 0 141 154
2010 9 10 0 0 0 140 153
2010 9 11 0 0 0 135 148
2010 9 12 0 0 0 130 142
2010 9 13 0 0 0 124 136
2010 9 14 0 0 0 121 132
2010 9 15 0 0 0 120 131
2010 9 16 0 0 0 120 131
2010 9 17 0 0 0 118 129
2010 9 18 0 0 0 115 126
2010 9 19 0 0 0 112 123
2010 9 20 0 0 0 111 122
2010 9 21 0 0 0 111 122
2010 9 22 0 0 0 111 122
2010 9 23 0 0 0 113 124
2010 9 24 0 0 0 128 140
2010 9 25 0 0 0 116 127
2010 9 26 0 0 0 109 119
2010 9 27 0 0 0 108 118
2010 9 28 0 0 0 104 114
2010 9 29 0 0 0 102 112
2010 9 30 0 0 0 100 110
2010 10 1 0 0 0 97 106
2010 10 2 0 0 0 93 102
2010 10 3 0 0 0 92 101
2010 10 4 0 0 0 93 102
2010 10 5 0 0 0 93 102
2010 10 6 0 0 0 93 102
2010 10 7 0 0 0 93 102
2010 10 8 0 0 0 92 101
2010 10 9 0 0 0 91 100
2010 10 10 0 0 0 91 100
2010 10 11 0 0 0 91 100
2010 10 12 0 0 0 91 100
2010 10 13 0 0 0 88 96
2010 10 14 0 0 0 85 93
2010 10 15 0 0 0 86 94
2010 10 16 0 0 0 84 92
2010 10 17 0 0 0 83 91
2010 10 18 0 0 0 82 90
2010 10 19 0 0 0 82 90
2010 10 20 0 0 0 82 90
2010 10 21 0 0 0 82 90
2010 10 22 0 0 0 80 88
2010 10 23 0 0 0 86 94
2010 10 24 0 0 0 105 115
2010 10 25 0 0 0 92 101
2010 10 26 0 0 0 95 104
2010 10 27 0 0 0 89 97
2010 10 28 0 0 0 84 92
2010 10 29 0 0 0 81 89
2010 10 30 0 0 0 80 88
2010 10 31 0 0 0 78 85
2010 11 1 0 0 0 76 83
2010 11 2 0 0 0 77 84
2010 11 3 0 0 0 78 85
2010 11 4 0 0 0 78 85
2010 11 5 0 0 0 76 83
2010 11 6 0 0 0 73 80
2010 11 7 0 0 0 73 80
2010 11 8 0 0 0 75 82
2010 11 9 0 0 0 76 83
2010 11 10 0 0 0 75 82
2010 11 11 0 0 0 75 82
2010 11 12 0 0 0 75 82
2010 11 13 0 0 0 94 103
2010 11 14 0 0 0 103 113
2010 11 15 0 0 0 92 101
2010 11 16 0 0 0 85 93
2010 11 17 0 0 0 82 90
2010 11 18 0 0 0 78 85
2010 11 19 0 0 0 77 84
2010 11 20 0 0 0 76 83
2010 11 21 0 0 0 76 83
2010 11 22 0 0 0 78 85
2010 11 23 0 0 0 76 83
2010 11 24 0 0 0 73 80
2010 11 25 0 0 0 76 83
2010 11 26 0 0 0 72 79
2010 11 27 0 0 0 68 74
2010 11 28 0 0 0 66 72
2010 11 29 0 0 0 70 77
2010 11 30 0 0 0 78 85
2010 12 1 0 0 0 72 79
2010 12 2 0 0 0 66 72
2010 12 3 0 0 0 69 76
2010 12 4 0 0 0 71 78
2010 12 5 0 0 0 64 70
2010 12 6 0 0 0 58 64
2010 12 7 0 0 0 59 65
2010 12 8 0 0 0 54 59
2010 12 9 0 0 0 57 62
2010 12 10 0 0 0 57 62
2010 12 11 0 0 0 64 70
2010 12 12 0 0 0 67 73
2010 12 13 0 0 0 57 62
2010 12 14 0 0 0 68 74
2010 12 15 0 0 0 70 77
2010 12 16 0 0 0 72 79
2010 12 17 0 0 0 71 78
2010 12 18 0 0 0 70 77
2010 12 19 0 0 0 71 78
2010 12 20 0 0 0 73 80
2010 12 21 0 0 0 78 85
2010 12 22 0 0 0 75 82
2010 12 23 0 0 0 72 79
2010 12 24 0 0 0 75 82
2010 12 25 0 0 0 74 81
2010 12 26 0 0 0 72 79
2010 12 27 0 0 0 70 77
2010 12 28 0 0 0 71 78
2010 12 29 0 0 0 66 72
2010 12 30 0 0 0 77 84
2010 12 31 0 0 0 94 103
2011 1 1 0 0 0 109 119
2011 1 2 0 0 0 88 96
2011 1 3 0 0 0 109 119
2011 1 4 0 0 0 97 106
2011 1 5 0 0 0 91 100
2011 1 6 0 0 0 99 108
2011 1 7 0 0 0 95 104
2011 1 8 0 0 0 82 90
2011 1 9 0 0 0 82 90
2011 1 10 0 0 0 97 106
2011 1 11 0 0 0 93 102
2011 1 12 0 0 0 91 100
2011 1 13 0 0 0 85 93
2011 1 14 0 0 0 92 101
2011 1 15 0 0 0 90 99
2011 1 16 0 0 0 85 93
2011 1 17 0 0 0 94 103
2011 1 18 0 0 0 94 103
2011 1 19 0 0 0 88 96
2011 1 20 0 0 0 77 84
2011 1 21 0 0 0 59 65
2011 1 22 0 0 0 89 97
2011 1 23 0 0 0 72 79
2011 1 24 0 0 0 79 87
2011 1 25 0 0 0 76 83
2011 1 26 0 0 0 72 79
2011 1 27 0 0 0 71 78
2011 1 28 0 0 0 69 76
2011 1 29 0 0 0 69 76
2011 1 30 0 0 0 64 70
2011 1 31 0 0 0 63 69
2011 2 1 0 0 0 57 62
2011 2 2 0 0 0 41 45
2011 2 3 0 0 0 51 56
2011 2 4 0 0 0 62 68
2011 2 5 0 0 0 61 67
2011 2 6 0 0 0 60 66
2011 2 7 0 0 0 57 62
2011 2 8 0 0 0 44 48
2011 2 9 0 0 0 48 53
2011 2 10 0 0 0 51 56
2011 2 11 0 0 0 58 64
2011 2 12 0 0 0 61 67
2011 2 13 0 0 0 61 67
2011 2 14 0 0 0 63 69
2011 2 15 0 0 0 66 72
2011 2 16 0 0 0 75 82
2011 2 17 0 0 0 102 112
2011 2 18 0 0 0 343 376
2011 2 19 0 0 0 293 321
2011 2 20 0 0 0 238 261
2011 2 21 0 0 0 520 569
2011 2 22 0 0 0 363 397
2011 2 23 0 0 0 286 313
2011 2 24 0 0 0 250 274
2011 2 25 0 0 0 209 229
2011 2 26 0 0 0 180 197
2011 2 27 0 0 0 171 187
2011 2 28 0 0 0 153 168
2011 3 1 0 0 0 137 150
2011 3 2 0 0 0 132 145
2011 3 3 0 0 0 125 137
2011 3 4 0 0 0 171 187
2011 3 5 0 0 0 344 377
2011 3 6 0 0 0 267 292
2011 3 7 0 0 0 254 278
2011 3 8 0 0 0 238 261
2011 3 9 0 0 0 279 306
2011 3 10 0 0 0 269 295
2011 3 11 0 0 0 292 320
2011 3 12 0 0 0 357 391
2011 3 13 0 0 0 332 364
2011 3 14 0 0 0 316 346
2011 3 15 0 0 0 352 385
2011 3 16 0 0 0 450 493
2011 3 17 0 0 0 862 944
2011 3 18 0 0 0 1110 1215
2011 3 19 0 0 0 829 908
2011 3 20 0 0 0 1330 1456
2011 3 21 0 0 0 1490 1632
2011 3 22 0 0 0 1140 1248
2011 3 23 0 0 0 1850 2026
2011 3 24 0 0 0 1190 1303
2011 3 25 0 0 0 929 1017
2011 3 26 0 0 0 766 839
2011 3 27 0 0 0 658 721
2011 3 28 0 0 0 581 636
2011 3 29 0 0 0 522 572
2011 3 30 0 0 0 479 525
2011 3 31 0 0 0 449 492
2011 4 1 0 0 0 422 462
2011 4 2 0 0 0 389 426
2011 4 3 0 0 0 368 403
2011 4 4 0 0 0 357 391
2011 4 5 0 0 0 329 360
2011 4 6 0 0 0 317 347
2011 4 7 0 0 0 295 323
2011 4 8 0 0 0 285 312
2011 4 9 0 0 0 278 304
2011 4 10 0 0 0 275 301
2011 4 11 0 0 0 262 287
2011 4 12 0 0 0 243 266
2011 4 13 0 0 0 234 256
2011 4 14 0 0 0 226 247
2011 4 15 0 0 0 225 246
2011 4 16 0 0 0 264 289
2011 4 17 0 0 0 253 277
2011 4 18 0 0 0 237 260
2011 4 19 0 0 0 253 277
2011 4 20 0 0 0 282 309
2011 4 21 0 0 0 389 426
2011 4 22 0 0 0 401 439
2011 4 23 0 0 0 399 437
2011 4 24 0 0 0 369 404
2011 4 25 0 0 0 356 390
2011 4 26 0 0 0 553 606
2011 4 27 0 0 0 722 791
2011 4 28 0 0 0 639 700
2011 4 29 0 0 0 572 626
2011 4 30 0 0 0 531 581
2011 5 1 0 0 0 487 533
2011 5 2 0 0 0 438 480
2011 5 3 0 0 0 409 448
2011 5 4 0 0 0 384 420
2011 5 5 0 0 0 368 403
2011 5 6 0 0 0 356 390
2011 5 7 0 0 0 341 373
2011 5 8 0 0 0 321 352
2011 5 9 0 0 0 325 356
2011 5 10 0 0 0 343 376
2011 5 11 0 0 0 307 336
2011 5 12 0 0 0 290 318
2011 5 13 0 0 0 281 308
2011 5 14 0 0 0 281 308
2011 5 15 0 0 0 273 299
2011 5 16 0 0 0 253 277
2011 5 17 0 0 0 242 265
2011 5 18 0 0 0 236 258
2011 5 19 0 0 0 230 252
2011 5 20 0 0 0 220 241
2011 5 21 0 0 0 218 239
2011 5 22 0 0 0 245 268
2011 5 23 0 0 0 333 365
2011 5 24 0 0 0 249 273
2011 5 25 0 0 0 406 445
2011 5 26 0 0 0 822 900
2011 5 27 0 0 0 592 648
2011 5 28 0 0 0 530 580
2011 5 29 0 0 0 472 517
2011 5 30 0 0 0 438 480
2011 5 31 0 0 0 397 435
2011 6 1 0 0 0 357 391
2011 6 2 0 0 0 337 369
2011 6 3 0 0 0 323 354
2011 6 4 0 0 0 302 331
2011 6 5 0 0 0 281 308
2011 6 6 0 0 0 270 296
2011 6 7 0 0 0 254 278
2011 6 8 0 0 0 235 257
2011 6 9 0 0 0 221 242
2011 6 10 0 0 0 229 251
2011 6 11 0 0 0 229 251
2011 6 12 0 0 0 209 229
2011 6 13 0 0 0 196 215
2011 6 14 0 0 0 190 208
2011 6 15 0 0 0 213 233
2011 6 16 0 0 0 257 281
2011 6 17 0 0 0 217 238
2011 6 18 0 0 0 202 221
2011 6 19 0 0 0 213 233
2011 6 20 0 0 0 204 223
2011 6 21 0 0 0 248 272
2011 6 22 0 0 0 277 303
2011 6 23 0 0 0 286 313
2011 6 24 0 0 0 257 281
2011 6 25 0 0 0 243 266
2011 6 26 0 0 0 235 257
2011 6 27 0 0 0 227 249
2011 6 28 0 0 0 214 234
2011 6 29 0 0 0 203 222
2011 6 30 0 0 0 200 219
2011 7 1 0 0 0 196 215
2011 7 2 0 0 0 186 204
2011 7 3 0 0 0 178 195
2011 7 4 0 0 0 176 193
2011 7 5 0 0 0 171 187
2011 7 6 0 0 0 171 187
2011 7 7 0 0 0 167 183
2011 7 8 0 0 0 166 182
2011 7 9 0 0 0 165 181
2011 7 10 0 0 0 160 175
2011 7 11 0 0 0 171 187
2011 7 12 0 0 0 168 184
2011 7 13 0 0 0 157 172
2011 7 14 0 0 0 155 170
2011 7 15 0 0 0 159 174
2011 7 16 0 0 0 195 214
2011 7 17 0 0 0 168 184
2011 7 18 0 0 0 143 157
2011 7 19 0 0 0 137 150
2011 7 20 0 0 0 133 146
2011 7 21 0 0 0 129 141
2011 7 22 0 0 0 224 245
2011 7 23 0 0 0 235 257
2011 7 24 0 0 0 171 187
2011 7 25 0 0 0 155 170
2011 7 26 0 0 0 147 161
2011 7 27 0 0 0 144 158
2011 7 28 0 0 0 149 163
2011 7 29 0 0 0 149 163
2011 7 30 0 0 0 140 153
2011 7 31 0 0 0 135 148
2011 8 1 0 0 0 133 146
2011 8 2 0 0 0 135 148
2011 8 3 0 0 0 132 145
2011 8 4 0 0 0 126 138
2011 8 5 0 0 0 126 138
2011 8 6 0 0 0 127 139
2011 8 7 0 0 0 148 162
2011 8 8 0 0 0 132 145
2011 8 9 0 0 0 132 145
2011 8 10 0 0 0 128 140
2011 8 11 0 0 0 124 136
2011 8 12 0 0 0 125 137
2011 8 13 0 0 0 133 146
2011 8 14 0 0 0 139 152
2011 8 15 0 0 0 133 146
2011 8 16 0 0 0 124 136
2011 8 17 0 0 0 131 143
2011 8 18 0 0 0 125 137
2011 8 19 0 0 0 125 137
2011 8 20 0 0 0 124 136
2011 8 21 0 0 0 124 136
2011 8 22 0 0 0 145 159
2011 8 23 0 0 0 253 277
2011 8 24 0 0 0 295 323
2011 8 25 0 0 0 199 218
2011 8 26 0 0 0 136 149
2011 8 27 0 0 0 103 113
2011 8 28 0 0 0 84 92
2011 8 29 0 0 0 86 94
2011 8 30 0 0 0 91 100
2011 8 31 0 0 0 100 110
2011 9 1 0 0 0 91 100
2011 9 2 0 0 0 88 96
2011 9 3 0 0 0 136 149
2011 9 4 0 0 0 110 120
2011 9 5 0 0 0 95 104
2011 9 6 0 0 0 88 96
2011 9 7 0 0 0 82 90
2011 9 8 0 0 0 80 88
2011 9 9 0 0 0 78 85
2011 9 10 0 0 0 77 84
2011 9 11 0 0 0 75 82
2011 9 12 0 0 0 72 79
2011 9 13 0 0 0 71 78
2011 9 14 0 0 0 68 74
2011 9 15 0 0 0 66 72
2011 9 16 0 0 0 67 73
2011 9 17 0 0 0 68 74
2011 9 18 0 0 0 70 77
2011 9 19 0 0 0 76 83
2011 9 20 0 0 0 71 78
2011 9 21 0 0 0 68 74
2011 9 22 0 0 0 66 72
2011 9 23 0 0 0 65 71
2011 9 24 0 0 0 65 71
2011 9 25 0 0 0 66 72
2011 9 26 0 0 0 76 83
2011 9 27 0 0 0 88 96
2011 9 28 0 0 0 81 89
2011 9 29 0 0 0 74 81
2011 9 30 0 0 0 68 74
2011 10 1 0 0 0 65 71
2011 10 2 0 0 0 64 70
2011 10 3 0 0 0 63 69
2011 10 4 0 0 0 63 69
2011 10 5 0 0 0 63 69
2011 10 6 0 0 0 62 68
2011 10 7 0 0 0 63 69
2011 10 8 0 0 0 62 68
2011 10 9 0 0 0 61 67
2011 10 10 0 0 0 60 66
2011 10 11 0 0 0 62 68
2011 10 12 0 0 0 64 70
2011 10 13 0 0 0 68 74
2011 10 14 0 0 0 70 77
2011 10 15 0 0 0 63 69
2011 10 16 0 0 0 61 67
2011 10 17 0 0 0 59 65
2011 10 18 0 0 0 58 64
2011 10 19 0 0 0 59 65
2011 10 20 0 0 0 59 65
2011 10 21 0 0 0 58 64
2011 10 22 0 0 0 58 64
2011 10 23 0 0 0 58 64
2011 10 24 0 0 0 58 64
2011 10 25 0 0 0 58 64
2011 10 26 0 0 0 57 62
2011 10 27 0 0 0 57 62
2011 10 28 0 0 0 56 61
2011 10 29 0 0 0 56 61
2011 10 30 0 0 0 57 62
2011 10 31 0 0 0 57 62
2011 11 1 0 0 0 57 62
2011 11 2 0 0 0 63 69
2011 11 3 0 0 0 68 74
2011 11 4 0 0 0 66 72
2011 11 5 0 0 0 62 68
2011 11 6 0 0 0 61 67
2011 11 7 0 0 0 58 64
2011 11 8 0 0 0 62 68
2011 11 9 0 0 0 78 85
2011 11 10 0 0 0 83 91
2011 11 11 0 0 0 77 84
2011 11 12 0 0 0 71 78
2011 11 13 0 0 0 68 74
2011 11 14 0 0 0 65 71
2011 11 15 0 0 0 64 70
2011 11 16 0 0 0 63 69
2011 11 17 0 0 0 62 68
2011 11 18 0 0 0 61 67
2011 11 19 0 0 0 62 68
2011 11 20 0 0 0 61 67
2011 11 21 0 0 0 58 64
2011 11 22 0 0 0 59 65
2011 11 23 0 0 0 59 65
2011 11 24 0 0 0 58 64
2011 11 25 0 0 0 58 64
2011 11 26 0 0 0 62 68
2011 11 27 0 0 0 59 65
2011 11 28 0 0 0 57 62
2011 11 29 0 0 0 57 62
2011 11 30 0 0 0 56 61
2011 12 1 0 0 0 56 61
2011 12 2 0 0 0 55 60
2011 12 3 0 0 0 63 69
2011 12 4 0 0 0 84 92
2011 12 5 0 0 0 85 93
2011 12 6 0 0 0 75 82
2011 12 7 0 0 0 70 77
2011 12 8 0 0 0 67 73
2011 12 9 0 0 0 58 64
2011 12 10 0 0 0 51 56
2011 12 11 0 0 0 54 59
2011 12 12 0 0 0 53 58
2011 12 13 0 0 0 53 58
2011 12 14 0 0 0 60 66
2011 12 15 0 0 0 63 69
2011 12 16 0 0 0 59 65
2011 12 17 0 0 0 55 60
2011 12 18 0 0 0 54 59
2011 12 19 0 0 0 53 58
2011 12 20 0 0 0 53 58
2011 12 21 0 0 0 53 58
2011 12 22 0 0 0 53 58
2011 12 23 0 0 0 49 54
2011 12 24 0 0 0 45 49
2011 12 25 0 0 0 46 50
2011 12 26 0 0 0 48 53
2011 12 27 0 0 0 48 53
2011 12 28 0 0 0 48 53
2011 12 29 0 0 0 48 53
2011 12 30 0 0 0 52 57
2011 12 31 0 0 0 53 58
2012 1 1 0 0 0 53 58
2012 1 2 0 0 0 47 51
2012 1 3 0 0 0 41 45
2012 1 4 0 0 0 53 58
2012 1 5 0 0 0 53 58
2012 1 6 0 0 0 52 57
2012 1 7 0 0 0 51 56
2012 1 8 0 0 0 49 54
2012 1 9 0 0 0 48 53
2012 1 10 0 0 0 49 54
2012 1 11 0 0 0 49 54
2012 1 12 0 0 0 43 47
2012 1 13 0 0 0 35 38
2012 1 14 0 0 0 37 41
2012 1 15 0 0 0 38 42
2012 1 16 0 0 0 44 48
2012 1 17 0 0 0 42 46
2012 1 18 0 0 0 32 35
2012 1 19 0 0 0 30 33
2012 1 20 0 0 0 29 32
2012 1 21 0 0 0 32 35
2012 1 22 0 0 0 45 49
2012 1 23 0 0 0 48 53
2012 1 24 0 0 0 48 53
2012 1 25 0 0 0 47 51
2012 1 26 0 0 0 51 56
2012 1 27 0 0 0 50 55
2012 1 28 0 0 0 49 54
2012 1 29 0 0 0 48 53
2012 1 30 0 0 0 48 53
2012 1 31 0 0 0 50 55
2012 2 1 0 0 0 51 56
2012 2 2 0 0 0 55 60
2012 2 3 0 0 0 56 61
2012 2 4 0 0 0 57 62
2012 2 5 0 0 0 58 64
2012 2 6 0 0 0 58 64
2012 2 7 0 0 0 57 62
2012 2 8 0 0 0 54 59
2012 2 9 0 0 0 52 57
2012 2 10 0 0 0 53 58
2012 2 11 0 0 0 38 42
2012 2 12 0 0 0 54 59
2012 2 13 0 0 0 53 58
2012 2 14 0 0 0 52 57
2012 2 15 0 0 0 50 55
2012 2 16 0 0 0 50 55
2012 2 17 0 0 0 54 59
2012 2 18 0 0 0 60 66
2012 2 19 0 0 0 61 67
2012 2 20 0 0 0 58 64
2012 2 21 0 0 0 60 66
2012 2 22 0 0 0 65 71
2012 2 23 0 0 0 67 73
2012 2 24 0 0 0 64 70
2012 2 25 0 0 0 56 61
2012 2 26 0 0 0 53 58
2012 2 27 0 0 0 59 65
2012 2 28 0 0 0 63 69
2012 2 29 0 0 0 423 463
2012 3 1 0 0 0 278 304
2012 3 2 0 0 0 154 169
2012 3 3 0 0 0 119 130
2012 3 4 0 0 0 88 96
2012 3 5 0 0 0 78 85
2012 3 6 0 0 0 77 84
2012 3 7 0 0 0 110 120
2012 3 8 0 0 0 121 132
2012 3 9 0 0 0 97 106
2012 3 10 0 0 0 85 93
2012 3 11 0 0 0 82 90
2012 3 12 0 0 0 91 100
2012 3 13 0 0 0 104 114
2012 3 14 0 0 0 97 106
2012 3 15 0 0 0 95 104
2012 3 16 0 0 0 91 100
2012 3 17 0 0 0 88 96
2012 3 18 0 0 0 86 94
2012 3 19 0 0 0 83 91
2012 3 20 0 0 0 105 115
2012 3 21 0 0 0 110 120
2012 3 22 0 0 0 103 113
2012 3 23 0 0 0 124 136
2012 3 24 0 0 0 149 163
2012 3 25 0 0 0 141 154
2012 3 26 0 0 0 133 146
2012 3 27 0 0 0 127 139
2012 3 28 0 0 0 123 135
2012 3 29 0 0 0 113 124
2012 3 30 0 0 0 124 136
2012 3 31 0 0 0 119 130
2012 4 1 0 0 0 113 124
2012 4 2 0 0 0 108 118
2012 4 3 0 0 0 103 113
2012 4 4 0 0 0 98 107
2012 4 5 0 0 0 94 103
2012 4 6 0 0 0 91 100
2012 4 7 0 0 0 90 99
2012 4 8 0 0 0 89 97
2012 4 9 0 0 0 86 94
2012 4 10 0 0 0 83 91
2012 4 11 0 0 0 80 88
2012 4 12 0 0 0 79 87
2012 4 13 0 0 0 78 85
2012 4 14 0 0 0 80 88
2012 4 15 0 0 0 106 116
2012 4 16 0 0 0 130 142
2012 4 17 0 0 0 107 117
2012 4 18 0 0 0 100 110
2012 4 19 0 0 0 111 122
2012 4 20 0 0 0 425 465
2012 4 21 0 0 0 421 461
2012 4 22 0 0 0 353 387
2012 4 23 0 0 0 312 342
2012 4 24 0 0 0 283 310
2012 4 25 0 0 0 261 286
2012 4 26 0 0 0 233 255
2012 4 27 0 0 0 200 219
2012 4 28 0 0 0 194 212
2012 4 29 0 0 0 184 201
2012 4 30 0 0 0 196 215
2012 5 1 0 0 0 182 199
2012 5 2 0 0 0 214 234
2012 5 3 0 0 0 260 285
2012 5 4 0 0 0 242 265
2012 5 5 0 0 0 255 279
2012 5 6 0 0 0 271 297
2012 5 7 0 0 0 382 418
2012 5 8 0 0 0 346 379
2012 5 9 0 0 0 323 354
2012 5 10 0 0 0 301 330
2012 5 11 0 0 0 278 304
2012 5 12 0 0 0 253 277
2012 5 13 0 0 0 233 255
2012 5 14 0 0 0 218 239
2012 5 15 0 0 0 205 224
2012 5 16 0 0 0 189 207
2012 5 17 0 0 0 175 192
2012 5 18 0 0 0 166 182
2012 5 19 0 0 0 155 170
2012 5 20 0 0 0 148 162
2012 5 21 0 0 0 141 154
2012 5 22 0 0 0 135 148
2012 5 23 0 0 0 132 145
2012 5 24 0 0 0 132 145
2012 5 25 0 0 0 173 189
2012 5 26 0 0 0 411 450
2012 5 27 0 0 0 407 446
2012 5 28 0 0 0 328 359
2012 5 29 0 0 0 293 321
2012 5 30 0 0 0 269 295
2012 5 31 0 0 0 264 289
2012 6 1 0 0 0 248 272
2012 6 2 0 0 0 229 251
2012 6 3 0 0 0 215 235
2012 6 4 0 0 0 207 227
2012 6 5 0 0 0 189 207
2012 6 6 0 0 0 176 193
2012 6 7 0 0 0 167 183
2012 6 8 0 0 0 159 174
2012 6 9 0 0 0 152 166
2012 6 10 0 0 0 145 159
2012 6 11 0 0 0 146 160
2012 6 12 0 0 0 137 150
2012 6 13 0 0 0 127 139
2012 6 14 0 0 0 124 136
2012 6 15 0 0 0 119 130
2012 6 16 0 0 0 117 128
2012 6 17 0 0 0 116 127
2012 6 18 0 0 0 113 124
2012 6 19 0 0 0 108 118
2012 6 20 0 0 0 105 115
2012 6 21 0 0 0 121 132
2012 6 22 0 0 0 111 122
2012 6 23 0 0 0 103 113
2012 6 24 0 0 0 103 113
2012 6 25 0 0 0 100 110
2012 6 26 0 0 0 97 106
2012 6 27 0 0 0 98 107
2012 6 28 0 0 0 95 104
2012 6 29 0 0 0 91 100
2012 6 30 0 0 0 91 100
2012 7 1 0 0 0 89 97
2012 7 2 0 0 0 88 96
2012 7 3 0 0 0 87 95
2012 7 4 0 0 0 86 94
2012 7 5 0 0 0 85 93
2012 7 6 0 0 0 83 91
2012 7 7 0 0 0 79 87
2012 7 8 0 0 0 79 87
2012 7 9 0 0 0 78 85
2012 7 10 0 0 0 77 84
2012 7 11 0 0 0 76 83
2012 7 12 0 0 0 76 83
2012 7 13 0 0 0 77 84
2012 7 14 0 0 0 87 95
2012 7 15 0 0 0 77 84
2012 7 16 0 0 0 70 77
2012 7 17 0 0 0 63 69
2012 7 18 0 0 0 61 67
2012 7 19 0 0 0 69 76
2012 7 20 0 0 0 60 66
2012 7 21 0 0 0 58 64
2012 7 22 0 0 0 58 64
2012 7 23 0 0 0 59 65
2012 7 24 0 0 0 59 65
2012 7 25 0 0 0 59 65
2012 7 26 0 0 0 62 68
2012 7 27 0 0 0 56 61
2012 7 28 0 0 0 52 57
2012 7 29 0 0 0 50 55
2012 7 30 0 0 0 52 57
2012 7 31 0 0 0 50 55
2012 8 1 0 0 0 49 54
2012 8 2 0 0 0 49 54
2012 8 3 0 0 0 48 53
2012 8 4 0 0 0 49 54
2012 8 5 0 0 0 49 54
2012 8 6 0 0 0 46 50
2012 8 7 0 0 0 46 50
2012 8 8 0 0 0 45 49
2012 8 9 0 0 0 47 51
2012 8 10 0 0 0 46 50
2012 8 11 0 0 0 45 49
2012 8 12 0 0 0 44 48
2012 8 13 0 0 0 47 51
2012 8 14 0 0 0 45 49
2012 8 15 0 0 0 44 48
2012 8 16 0 0 0 44 48
2012 8 17 0 0 0 43 47
2012 8 18 0 0 0 42 46
2012 8 19 0 0 0 44 48
2012 8 20 0 0 0 42 46
2012 8 21 0 0 0 43 47
2012 8 22 0 0 0 41 45
2012 8 23 0 0 0 42 46
2012 8 24 0 0 0 44 48
2012 8 25 0 0 0 43 47
2012 8 26 0 0 0 46 50
2012 8 27 0 0 0 44 48
2012 8 28 0 0 0 43 47
2012 8 29 0 0 0 42 46
2012 8 30 0 0 0 42 46
2012 8 31 0 0 0 41 45
2012 9 1 0 0 0 41 45
2012 9 2 0 0 0 40 44
2012 9 3 0 0 0 41 45
2012 9 4 0 0 0 43 47
2012 9 5 0 0 0 50 55
2012 9 6 0 0 0 70 77
2012 9 7 0 0 0 48 53
2012 9 8 0 0 0 44 48
2012 9 9 0 0 0 41 45
2012 9 10 0 0 0 41 45
2012 9 11 0 0 0 40 44
2012 9 12 0 0 0 40 44
2012 9 13 0 0 0 42 46
2012 9 14 0 0 0 41 45
2012 9 15 0 0 0 40 44
2012 9 16 0 0 0 40 44
2012 9 17 0 0 0 41 45
2012 9 18 0 0 0 42 46
2012 9 19 0 0 0 41 45
2012 9 20 0 0 0 41 45
2012 9 21 0 0 0 42 46
2012 9 22 0 0 0 43 47
2012 9 23 0 0 0 41 45
2012 9 24 0 0 0 41 45
2012 9 25 0 0 0 42 46
2012 9 26 0 0 0 42 46
2012 9 27 0 0 0 42 46
2012 9 28 0 0 0 43 47
2012 9 29 0 0 0 43 47
2012 9 30 0 0 0 44 48
2012 10 1 0 0 0 44 48
2012 10 2 0 0 0 44 48
2012 10 3 0 0 0 44 48
2012 10 4 0 0 0 45 49
2012 10 5 0 0 0 44 48
2012 10 6 0 0 0 45 49
2012 10 7 0 0 0 45 49
2012 10 8 0 0 0 45 49
2012 10 9 0 0 0 48 53
2012 10 10 0 0 0 48 53
2012 10 11 0 0 0 47 51
2012 10 12 0 0 0 46 50
2012 10 13 0 0 0 53 58
2012 10 14 0 0 0 114 125
2012 10 15 0 0 0 128 140
2012 10 16 0 0 0 69 76
2012 10 17 0 0 0 55 60
2012 10 18 0 0 0 52 57
2012 10 19 0 0 0 49 54
2012 10 20 0 0 0 44 48
2012 10 21 0 0 0 41 45
2012 10 22 0 0 0 40 44
2012 10 23 0 0 0 41 45
2012 10 24 0 0 0 46 50
2012 10 25 0 0 0 46 50
2012 10 26 0 0 0 45 49
2012 10 27 0 0 0 44 48
2012 10 28 0 0 0 43 47
2012 10 29 0 0 0 42 46
2012 10 30 0 0 0 43 47
2012 10 31 0 0 0 43 47
2012 11 1 0 0 0 42 46
2012 11 2 0 0 0 43 47
2012 11 3 0 0 0 42 46
2012 11 4 0 0 0 41 45
2012 11 5 0 0 0 41 45
2012 11 6 0 0 0 43 47
2012 11 7 0 0 0 43 47
2012 11 8 0 0 0 42 46
2012 11 9 0 0 0 42 46
2012 11 10 0 0 0 42 46
2012 11 11 0 0 0 54 59
2012 11 12 0 0 0 63 69
2012 11 13 0 0 0 60 66
2012 11 14 0 0 0 53 58
2012 11 15 0 0 0 52 57
2012 11 16 0 0 0 50 55
2012 11 17 0 0 0 48 53
2012 11 18 0 0 0 48 53
2012 11 19 0 0 0 48 53
2012 11 20 0 0 0 48 53
2012 11 21 0 0 0 47 51
2012 11 22 0 0 0 47 51
2012 11 23 0 0 0 45 49
2012 11 24 0 0 0 44 48
2012 11 25 0 0 0 45 49
2012 11 26 0 0 0 44 48
2012 11 27 0 0 0 40 44
2012 11 28 0 0 0 41 45
2012 11 29 0 0 0 40 44
2012 11 30 0 0 0 40 44
2012 12 1 0 0 0 40 44
2012 12 2 0 0 0 40 44
2012 12 3 0 0 0 40 44
2012 12 4 0 0 0 40 44
2012 12 5 0 0 0 38 42
2012 12 6 0 0 0 39 43
2012 12 7 0 0 0 39 43
2012 12 8 0 0 0 38 42
2012 12 9 0 0 0 41 45
2012 12 10 0 0 0 41 45
2012 12 11 0 0 0 38 42
2012 12 12 0 0 0 38 42
2012 12 13 0 0 0 38 42
2012 12 14 0 0 0 38 42
2012 12 15 0 0 0 46 50
2012 12 16 0 0 0 48 53
2012 12 17 0 0 0 46 50
2012 12 18 0 0 0 44 48
2012 12 19 0 0 0 42 46
2012 12 20 0 0 0 50 55
2012 12 21 0 0 0 31 34
2012 12 22 0 0 0 37 41
2012 12 23 0 0 0 37 41
2012 12 24 0 0 0 37 41
2012 12 25 0 0 0 32 35
2012 12 26 0 0 0 34 37
2012 12 27 0 0 0 32 35
2012 12 28 0 0 0 35 38
2012 12 29 0 0 0 35 38
2012 12 30 0 0 0 32 35
2012 12 31 0 0 0 34 37
2013 1 1 0 0 0 28 31
2013 1 2 0 0 0 33 36
2013 1 3 0 0 0 33 36
2013 1 4 0 0 0 31 34
2013 1 5 0 0 0 30 33
2013 1 6 0 0 0 31 34
2013 1 7 0 0 0 28 31
2013 1 8 0 0 0 30 33
2013 1 9 0 0 0 29 32
2013 1 10 0 0 0 27 30
2013 1 11 0 0 0 32 35
2013 1 12 0 0 0 32 35
2013 1 13 0 0 0 29 32
2013 1 14 0 0 0 26 28
2013 1 15 0 0 0 28 31
2013 1 16 0 0 0 28 31
2013 1 17 0 0 0 25 27
2013 1 18 0 0 0 25 27
2013 1 19 0 0 0 26 28
2013 1 20 0 0 0 21 23
2013 1 21 0 0 0 17 19
2013 1 22 0 0 0 16 18
2013 1 23 0 0 0 18 20
2013 1 24 0 0 0 19 21
2013 1 25 0 0 0 25 27
2013 1 26 0 0 0 22 24
2013 1 27 0 0 0 22 24
2013 1 28 0 0 0 24 26
2013 1 29 0 0 0 73 80
2013 1 30 0 0 0 125 137
2013 1 31 0 0 0 43 47
2013 2 1 0 0 0 28 31
2013 2 2 0 0 0 25 27
2013 2 3 0 0 0 27 30
2013 2 4 0 0 0 29 32
2013 2 5 0 0 0 33 36
2013 2 6 0 0 0 37 41
2013 2 7 0 0 0 40 44
2013 2 8 0 0 0 38 42
2013 2 9 0 0 0 36 39
2013 2 10 0 0 0 49 54
2013 2 11 0 0 0 552 604
2013 2 12 0 0 0 201 220
2013 2 13 0 0 0 128 140
2013 2 14 0 0 0 83 91
2013 2 15 0 0 0 71 78
2013 2 16 0 0 0 68 74
2013 2 17 0 0 0 65 71
2013 2 18 0 0 0 44 48
2013 2 19 0 0 0 32 35
2013 2 20 0 0 0 28 31
2013 2 21 0 0 0 36 39
2013 2 22 0 0 0 38 42
2013 2 23 0 0 0 34 37
2013 2 24 0 0 0 33 36
2013 2 25 0 0 0 32 35
2013 2 26 0 0 0 28 31
2013 2 27 0 0 0 28 31
2013 2 28 0 0 0 24 26
2013 3 1 0 0 0 21 23
2013 3 2 0 0 0 20 22
2013 3 3 0 0 0 20 22
2013 3 4 0 0 0 20 22
2013 3 5 0 0 0 23 25
2013 3 6 0 0 0 20 22
2013 3 7 0 0 0 18 20
2013 3 8 0 0 0 18 20
2013 3 9 0 0 0 25 27
2013 3 10 0 0 0 1960 2146
2013 3 11 0 0 0 2120 2321
2013 3 12 0 0 0 565 619
2013 3 13 0 0 0 250 274
2013 3 14 0 0 0 163 178
2013 3 15 0 0 0 133 146
2013 3 16 0 0 0 147 161
2013 3 17 0 0 0 149 163
2013 3 18 0 0 0 141 154
2013 3 19 0 0 0 106 116
2013 3 20 0 0 0 92 101
2013 3 21 0 0 0 90 99
2013 3 22 0 0 0 78 85
2013 3 23 0 0 0 92 101
2013 3 24 0 0 0 168 184
2013 3 25 0 0 0 128 140
2013 3 26 0 0 0 118 129
2013 3 27 0 0 0 506 554
2013 3 28 0 0 0 956 1047
2013 3 29 0 0 0 1250 1369
2013 3 30 0 0 0 1330 1456
2013 3 31 0 0 0 1030 1128
2013 4 1 0 0 0 474 519
2013 4 2 0 0 0 330 361
2013 4 3 0 0 0 273 299
2013 4 4 0 0 0 256 280
2013 4 5 0 0 0 258 283
2013 4 6 0 0 0 205 224
2013 4 7 0 0 0 207 227
2013 4 8 0 0 0 188 206
2013 4 9 0 0 0 217 238
2013 4 10 0 0 0 927 1015
2013 4 11 0 0 0 574 629
2013 4 12 0 0 0 441 483
2013 4 13 0 0 0 341 373
2013 4 14 0 0 0 290 318
2013 4 15 0 0 0 868 950
2013 4 16 0 0 0 538 589
2013 4 17 0 0 0 414 453
2013 4 18 0 0 0 657 719
2013 4 19 0 0 0 755 827
2013 4 20 0 0 0 525 575
2013 4 21 0 0 0 418 458
2013 4 22 0 0 0 382 418
2013 4 23 0 0 0 352 385
2013 4 24 0 0 0 317 347
2013 4 25 0 0 0 286 313
2013 4 26 0 0 0 259 284
2013 4 27 0 0 0 241 264
2013 4 28 0 0 0 227 249
2013 4 29 0 0 0 215 235
2013 4 30 0 0 0 219 240
2013 5 1 0 0 0 199 218
2013 5 2 0 0 0 191 209
2013 5 3 0 0 0 230 252
2013 5 4 0 0 0 493 540
2013 5 5 0 0 0 519 568
2013 5 6 0 0 0 435 476
2013 5 7 0 0 0 379 415
2013 5 8 0 0 0 337 369
2013 5 9 0 0 0 325 356
2013 5 10 0 0 0 397 435
2013 5 11 0 0 0 368 403
2013 5 12 0 0 0 323 354
2013 5 13 0 0 0 295 323
2013 5 14 0 0 0 281 308
2013 5 15 0 0 0 257 281
2013 5 16 0 0 0 236 258
2013 5 17 0 0 0 242 265
2013 5 18 0 0 0 249 273
2013 5 19 0 0 0 237 260
2013 5 20 0 0 0 662 725
2013 5 21 0 0 0 1060 1161
2013 5 22 0 0 0 833 912
2013 5 23 0 0 0 804 880
2013 5 24 0 0 0 616 675
2013 5 25 0 0 0 532 583
2013 5 26 0 0 0 573 627
2013 5 27 0 0 0 764 837
2013 5 28 0 0 0 659 722
2013 5 29 0 0 0 608 666
2013 5 30 0 0 0 2050 2245
2013 5 31 0 0 0 1490 1632
2013 6 1 0 0 0 1050 1150
2013 6 2 0 0 0 826 904
2013 6 3 0 0 0 672 736
2013 6 4 0 0 0 578 633
2013 6 5 0 0 0 884 968
2013 6 6 0 0 0 817 895
2013 6 7 0 0 0 699 765
2013 6 8 0 0 0 623 682
2013 6 9 0 0 0 566 620
2013 6 10 0 0 0 519 568
2013 6 11 0 0 0 464 508
2013 6 12 0 0 0 443 485
2013 6 13 0 0 0 435 476
2013 6 14 0 0 0 385 422
2013 6 15 0 0 0 361 395
2013 6 16 0 0 0 333 365
2013 6 17 0 0 0 304 333
2013 6 18 0 0 0 283 310
2013 6 19 0 0 0 272 298
2013 6 20 0 0 0 255 279
2013 6 21 0 0 0 661 724
2013 6 22 0 0 0 3170 3471
2013 6 23 0 0 0 8760 9592
2013 6 24 0 0 0 2740 3000
2013 6 25 0 0 0 3460 3789
2013 6 26 0 0 0 1990 2179
2013 6 27 0 0 0 1540 1686
2013 6 28 0 0 0 1290 1413
2013 6 29 0 0 0 1160 1270
2013 6 30 0 0 0 1030 1128
2013 7 1 0 0 0 919 1006
2013 7 2 0 0 0 844 924
2013 7 3 0 0 0 771 844
2013 7 4 0 0 0 713 781
2013 7 5 0 0 0 659 722
2013 7 6 0 0 0 619 678
2013 7 7 0 0 0 578 633
2013 7 8 0 0 0 607 665
2013 7 9 0 0 0 560 613
2013 7 10 0 0 0 537 588
2013 7 11 0 0 0 496 543
2013 7 12 0 0 0 473 518
2013 7 13 0 0 0 454 497
2013 7 14 0 0 0 440 482
2013 7 15 0 0 0 422 462
2013 7 16 0 0 0 409 448
2013 7 17 0 0 0 394 431
2013 7 18 0 0 0 382 418
2013 7 19 0 0 0 372 407
2013 7 20 0 0 0 360 394
2013 7 21 0 0 0 357 391
2013 7 22 0 0 0 390 427
2013 7 23 0 0 0 345 378
2013 7 24 0 0 0 327 358
2013 7 25 0 0 0 328 359
2013 7 26 0 0 0 342 374
2013 7 27 0 0 0 310 339
2013 7 28 0 0 0 301 330
2013 7 29 0 0 0 291 319
2013 7 30 0 0 0 283 310
2013 7 31 0 0 0 278 304
2013 8 1 0 0 0 269 295
2013 8 2 0 0 0 257 281
2013 8 3 0 0 0 249 273
2013 8 4 0 0 0 241 264
2013 8 5 0 0 0 268 293
2013 8 6 0 0 0 284 311
2013 8 7 0 0 0 253 277
2013 8 8 0 0 0 237 260
2013 8 9 0 0 0 230 252
2013 8 10 0 0 0 222 243
2013 8 11 0 0 0 227 249
2013 8 12 0 0 0 375 411
2013 8 13 0 0 0 254 278
2013 8 14 0 0 0 196 215
2013 8 15 0 0 0 116 127
2013 8 16 0 0 0 112 123
2013 8 17 0 0 0 108 118
2013 8 18 0 0 0 106 116
2013 8 19 0 0 0 103 113
2013 8 20 0 0 0 101 111
2013 8 21 0 0 0 101 111
2013 8 22 0 0 0 162 177
2013 8 23 0 0 0 141 154
2013 8 24 0 0 0 127 139
2013 8 25 0 0 0 122 134
2013 8 26 0 0 0 119 130
2013 8 27 0 0 0 117 128
2013 8 28 0 0 0 115 126
2013 8 29 0 0 0 113 124
2013 8 30 0 0 0 112 123
2013 8 31 0 0 0 110 120
2013 9 1 0 0 0 108 118
2013 9 2 0 0 0 106 116
2013 9 3 0 0 0 104 114
2013 9 4 0 0 0 103 113
2013 9 5 0 0 0 102 112
2013 9 6 0 0 0 102 112
2013 9 7 0 0 0 102 112
2013 9 8 0 0 0 100 110
2013 9 9 0 0 0 100 110
2013 9 10 0 0 0 99 108
2013 9 11 0 0 0 101 111
2013 9 12 0 0 0 97 106
2013 9 13 0 0 0 95 104
2013 9 14 0 0 0 94 103
2013 9 15 0 0 0 104 114
2013 9 16 0 0 0 99 108
2013 9 17 0 0 0 96 105
2013 9 18 0 0 0 98 107
2013 9 19 0 0 0 99 108
2013 9 20 0 0 0 99 108
2013 9 21 0 0 0 96 105
2013 9 22 0 0 0 94 103
2013 9 23 0 0 0 92 101
2013 9 24 0 0 0 91 100
2013 9 25 0 0 0 90 99
2013 9 26 0 0 0 89 97
2013 9 27 0 0 0 89 97
2013 9 28 0 0 0 90 99
2013 9 29 0 0 0 91 100
2013 9 30 0 0 0 87 95
2013 10 1 0 0 0 80 88
2013 10 2 0 0 0 78 85
2013 10 3 0 0 0 84 92
2013 10 4 0 0 0 109 119
2013 10 5 0 0 0 102 112
2013 10 6 0 0 0 91 100
2013 10 7 0 0 0 87 95
2013 10 8 0 0 0 85 93
2013 10 9 0 0 0 83 91
2013 10 10 0 0 0 81 89
2013 10 11 0 0 0 81 89
2013 10 12 0 0 0 80 88
2013 10 13 0 0 0 78 85
2013 10 14 0 0 0 77 84
2013 10 15 0 0 0 81 89
2013 10 16 0 0 0 80 88
2013 10 17 0 0 0 77 84
2013 10 18 0 0 0 75 82
2013 10 19 0 0 0 74 81
2013 10 20 0 0 0 74 81
2013 10 21 0 0 0 73 80
2013 10 22 0 0 0 73 80
2013 10 23 0 0 0 72 79
2013 10 24 0 0 0 71 78
2013 10 25 0 0 0 69 76
2013 10 26 0 0 0 68 74
2013 10 27 0 0 0 -999 -999
2013 10 28 0 0 0 -999 -999
2013 10 29 0 0 0 -999 -999
2013 10 30 0 0 0 -999 -999
2013 10 31 0 0 0 96 105
2013 11 1 0 0 0 75 82
2013 11 2 0 0 0 71 78
2013 11 3 0 0 0 66 72
2013 11 4 0 0 0 65 71
2013 11 5 0 0 0 69 76
2013 11 6 0 0 0 107 117
2013 11 7 0 0 0 109 119
2013 11 8 0 0 0 91 100
2013 11 9 0 0 0 85 93
2013 11 10 0 0 0 78 85
2013 11 11 0 0 0 75 82
2013 11 12 0 0 0 71 78
2013 11 13 0 0 0 70 77
2013 11 14 0 0 0 72 79
2013 11 15 0 0 0 72 79
2013 11 16 0 0 0 75 82
2013 11 17 0 0 0 81 89
2013 11 18 0 0 0 77 84
2013 11 19 0 0 0 74 81
2013 11 20 0 0 0 72 79
2013 11 21 0 0 0 73 80
2013 11 22 0 0 0 70 77
2013 11 23 0 0 0 66 72
2013 11 24 0 0 0 62 68
2013 11 25 0 0 0 68 74
2013 11 26 0 0 0 64 70
2013 11 27 0 0 0 59 65
2013 11 28 0 0 0 60 66
2013 11 29 0 0 0 54 59
2013 11 30 0 0 0 53 58
2013 12 1 0 0 0 53 58
2013 12 2 0 0 0 53 58
2013 12 3 0 0 0 54 59
2013 12 4 0 0 0 53 58
2013 12 5 0 0 0 51 56
2013 12 6 0 0 0 33 36
2013 12 7 0 0 0 -999 -999
2013 12 8 0 0 0 -999 -999
2013 12 9 0 0 0 -999 -999
2013 12 10 0 0 0 -999 -999
2013 12 11 0 0 0 -999 -999
2013 12 12 0 0 0 -999 -999
2013 12 13 0 0 0 38 42
2013 12 14 0 0 0 36 39
2013 12 15 0 0 0 33 36
2013 12 16 0 0 0 32 35
2013 12 17 0 0 0 30 33
2013 12 18 0 0 0 29 32
2013 12 19 0 0 0 30 33
2013 12 20 0 0 0 30 33
2013 12 21 0 0 0 30 33
2013 12 22 0 0 0 36 39
2013 12 23 0 0 0 24 26
2013 12 24 0 0 0 25 27
2013 12 25 0 0 0 38 42
2013 12 26 0 0 0 38 42
2013 12 27 0 0 0 35 38
2013 12 28 0 0 0 36 39
2013 12 29 0 0 0 31 34
2013 12 30 0 0 0 22 24
2013 12 31 0 0 0 36 39
2014 1 1 0 0 0 34 37
2014 1 2 0 0 0 32 35
2014 1 3 0 0 0 29 32
2014 1 4 0 0 0 35 38
2014 1 5 0 0 0 32 35
2014 1 6 0 0 0 22 24
2014 1 7 0 0 0 -999 -999
